,家具制造业,石油加工、炼焦及核燃料加工业,非金属矿物制造业,通用设备制造业,农业,建筑安装业,金属制品业,邮政业,其他制造业,燃气生产和供应业,生态保护和环境治理业,住宿业,黑色金属矿采选业,专用设备制造业,黑色金属加工,机动车、电子产品和日用品服务业,公共设施管理业,卫生业,计算机、通信和其他电子设备制造业,畜牧业,餐饮业,煤炭开采和洗选业,研究和试验发展,道路运输业,仪器仪表制造业,建筑装饰和其他安装业,电力、热力生产和供应业,农、林、牧、渔服务业,林业,航空运输业,专业技术服务业,仓储业,农副食品加工业,铁路、船舶、航空航天和其他运输模式设备制造业,石油和天然气开采业,电信、广播电视和卫星传输服务,零售业,文化艺术业,房屋建筑业,电气机械及器材制造业,酒、饮料和精制茶制造业,化学原料及化学制品制造业,教育业,土木工程建筑业,纺织服装、服饰业,文教、工美、体育和娱乐用品制造业,有色金属加工,装卸搬运及其他运输代理,食品制造业,商务服务业,货币金融服务,纺织业,木材加工及木、竹、藤、棕、草制品业,铁路运输业,租赁业,皮革、毛皮、羽毛及其,科技推广和应用服务业,广播、电视、电影和影视录音制作业,资本市场服务,有色金属矿采选业,橡胶和塑料制造业,非金属矿采选业,废弃资源综合利用业,水上运输业,汽车制造业,开采辅助活动,综合,水的生产和供应业,印刷和记录媒介复制业,化学纤维制造业,渔业,体育业,新闻和出版业,医药制造业,批发业,互联网和相关服务,软件和信息技术服务业,造纸及纸制品业,其他金融业
家具制造业,1.0,0.455046926301359,0.43239963318597885,0.49487091026288893,0.4354200804969466,,0.3959454279738933,0.26802197755396007,0.2879662705699076,0.500051113651446,0.4341126753114249,0.39813149710798,0.2971164444298359,0.5005058022518198,0.420710545526669,,0.5092414560023952,0.4050442777856743,0.43148954064012557,0.3688327519987512,0.39940580854711055,0.37635594477563716,0.39362055079529756,0.5314322045753546,0.32621105853804094,0.31113704687409566,0.47660022731069457,0.338640833774616,0.15796855270964236,0.44643399828503727,0.34451842500801133,0.5027166920257929,0.42489785276995334,0.40344106182201744,0.31862947031967204,0.46472447099644143,0.4777916416947413,0.25539781742217066,0.3073197995659484,0.5124376213146632,0.25492914284840285,0.4377516995051156,0.3949407594231472,0.4987456597361791,0.36971072456481413,0.29148517988073536,0.2961107201540311,0.35058952606810306,0.5332457851220093,0.46258991759554874,0.39914204450435975,0.5045478373228988,0.47742916525393697,0.48910811872189397,0.33484576782798764,0.453447597973762,0.28382617469551835,0.3918835660457902,0.36389025792738156,0.2413031298489005,0.4394236640407674,,0.4241965327848432,0.47692022669926765,0.4918865134421944,0.35858529331980155,0.4909243529488665,0.45469978585988946,0.4481921470915797,0.4256518635918733,0.3363652959504072,,0.4860043299488225,0.25070416661925654,0.4123530381539889,0.4769529317421953,0.4369232451490958,0.5151512136659729,0.32658414237260874
石油加工、炼焦及核燃料加工业,0.455046926301359,1.0,0.7228899344628826,0.6902029611281403,0.568782260065234,,0.6339719758312693,0.36996782025312913,0.3953206693145276,0.7315325942096287,0.5867908634448428,0.47727700437847437,0.6915043033263429,0.7327464911652514,0.7569680232369119,,0.5868332365393499,0.5566075086234121,0.5967133135756325,0.49057496888972596,0.5440000098482787,0.8586210607711413,0.4853815115738421,0.6960323931699681,0.4473671748813344,0.5334428671977518,0.7169401724119965,0.5042893749534108,0.2993093276381254,0.5929801197168765,0.5120751809018449,0.6297354991238442,0.5879761306986558,0.6609954511659997,0.6392229670086339,0.6092739127728748,0.5538837898361136,0.4613573249778143,0.4585969685032984,0.6954757969652495,0.34024072243710823,0.7631807093246782,0.48265844305714406,0.7475016938601008,0.5880559356729731,0.3861904217209579,0.7789654163836985,0.5693125286525332,0.6607895263776974,0.6085213100369937,0.580334596944686,0.6425977103705359,0.6374421156386115,0.6149681207750525,0.5023253552945688,0.6415510478405823,0.3047963091153027,0.5190580261484914,0.70587491184623,0.5903604990771919,0.6207125034886432,,0.5489615892682657,0.7290378261081656,0.7388674160124412,0.6388551922236171,0.7492185845144356,0.6191414056681489,0.6499094089043451,0.6979072825789863,0.44768834966209475,,0.5512972551139552,0.3293259454501479,0.73096965173569,0.6129391927670305,0.5643588665576535,0.704365497920075,0.592493904479782
非金属矿物制造业,0.43239963318597885,0.7228899344628826,1.0,0.6905393821833883,0.6580763948189078,,0.7106804844328002,0.41433155801449006,0.4673341684184638,0.7048562863735861,0.7030900751846202,0.5767777767964631,0.6615212098695075,0.7807234672758215,0.7142406678847301,,0.6432953956453495,0.6223992743858128,0.6932405059493573,0.5373548022285973,0.5789016818153192,0.6577947813128774,0.5159656716274905,0.7193728632472074,0.493019868765524,0.6177144937158952,0.7454330489822035,0.6023321574357093,0.38019934545831297,0.6120807091079962,0.6280779711907412,0.6241101383717326,0.6669701161615375,0.684510720033269,0.5114815304933997,0.6563356320805903,0.6706308252074079,0.4533390751781933,0.40696015970656807,0.7643973943081098,0.36389717719795767,0.7577544344318186,0.5685016091936198,0.783215210741561,0.6897365989717585,0.5262625916820216,0.6862425834824372,0.5455123315938707,0.7281788726704017,0.7119751157662689,0.49639191755039774,0.7004876767100179,0.6979708537921107,0.6853745260270446,0.5380585242708638,0.6485820328877296,0.4001280494041631,0.621075673908965,0.5607715188844608,0.5377219372773944,0.7488683028172162,,0.6046361702121134,0.635611543190167,0.8025832998574232,0.6226661143451999,0.7812347523961317,0.6007780887046242,0.6317708773397249,0.7337067326733767,0.5695729266128521,,0.6531709287808324,0.4282419697916695,0.7222826868789259,0.6851986772313328,0.6750346541813648,0.7132063747567936,0.4771325586511223
通用设备制造业,0.49487091026288893,0.6902029611281403,0.6905393821833883,1.0,0.6553985214752645,,0.727397318560171,0.341091927344876,0.4671028382361332,0.710346416464398,0.6991042998117429,0.5838888660567875,0.6176522675131049,0.7615268351870832,0.6367079659608202,,0.6669153105254325,0.6135967516791143,0.7367310673044605,0.561853242935102,0.5898327600682794,0.601662275049583,0.5892441190492953,0.7246761588333964,0.5092445047482509,0.5418770842391626,0.7251172622007337,0.5455630645026341,0.295972899668,0.7162743006244915,0.574915646083792,0.6786526694367991,0.6169456401545294,0.7226977101600691,0.40052575264026263,0.6869164217796958,0.6829626492671952,0.42623170711252584,0.35706167899116176,0.8361519061156812,0.3718690651291945,0.7629356961593267,0.5608283651206443,0.7547292491840684,0.6362868467833216,0.4966669041780482,0.6163430761260182,0.5244307455666594,0.7412255072473702,0.6722128151956223,0.4879575314659364,0.7301416872568287,0.6564506845404412,0.6536317066108508,0.5810339716372095,0.6435923405886343,0.39965634916172676,0.6162700335772966,0.5660507340873512,0.5382270403298338,0.6952435218012376,,0.6064121850472771,0.6280554268791502,0.697738877272011,0.5766506271612255,0.7706101357096291,0.6297768434898472,0.671630793183058,0.7087128797717015,0.490929229173887,,0.6664521419244022,0.4849005806287106,0.7358907844523868,0.6583286938274032,0.6887573351826602,0.7107072902236689,0.43294392692802103
农业,0.4354200804969466,0.568782260065234,0.6580763948189078,0.6553985214752645,1.0,,0.6125038107614816,0.32228991591773,0.4529042993555322,0.6209369531799978,0.621891363357138,0.5018366702189493,0.4654441513009068,0.6393775462833678,0.49149808799482086,,0.606273428198284,0.5471262229482481,0.5764403304102941,0.5822066594689917,0.4602977297166254,0.4670688288573945,0.5152539672434373,0.5986243204050689,0.45182181694224527,0.44112470051951647,0.5792744753305289,0.8115326351641404,0.36112202773659324,0.5433683605926422,0.47286827280570126,0.5437577138199001,0.7038403294650701,0.5599465154722527,0.3466203245622313,0.5746995760275584,0.5406994046968137,0.38539667286314605,0.2476248612371124,0.6815379587746772,0.23899130961269852,0.6635842203792212,0.491846400175218,0.6022853579472531,0.5620142012949476,0.534881084331991,0.4909337975800481,0.4790120125930223,0.6397415157906017,0.6127200943847074,0.3535999485932031,0.649534566250561,0.5278022609204881,0.5104769368124616,0.46514345391935175,0.5676231432989269,0.35971741924330564,0.5954321068628476,0.4536812628763561,0.46589365389940673,0.6151850918615586,,0.49501863126907464,0.46934086345194337,0.5592283891179238,0.4339285762619889,0.6518891617156287,0.5114040892133883,0.5426196587197586,0.6558162385267278,0.6095959059273516,,0.593521436191301,0.4056630858870443,0.5943518509469681,0.5518256195172269,0.5915591663326366,0.5820894355536592,0.32865965357200455
建筑安装业,,,,,,,,,,,,,,,,,,,,,,,,,,,,,,,,,,,,,,,,,,,,,,,,,,,,,,,,,,,,,,,,,,,,,,,,,,,,,,,
金属制品业,0.3959454279738933,0.6339719758312693,0.7106804844328002,0.727397318560171,0.6125038107614816,,1.0,0.39833125193778535,0.4138853998256539,0.6504819753755395,0.6740745904977246,0.5166608492579214,0.6664771893492146,0.7815532354264061,0.5979725340891329,,0.61354297685324,0.5673637944921152,0.7524913039652559,0.530459766778895,0.5702494599078576,0.5930055272220925,0.5051285380828258,0.6359465470269494,0.5148930330063377,0.5450757297664567,0.680719154110833,0.5362410534058154,0.3831486726657329,0.6332023018721222,0.5703364518043295,0.5989358824707318,0.6101196573261864,0.683128072041815,0.4430199030076868,0.7130164527375653,0.6904147350233522,0.47389725226088764,0.3140397982255687,0.7736621602883496,0.40745669855936983,0.7268502194522005,0.5327501347617296,0.687211600259686,0.6755255909762697,0.5437621414042991,0.6424879325093872,0.5046831104007026,0.6965114250724136,0.6604871381866895,0.4241712859812166,0.7211272751180989,0.5827513262671489,0.6512425855276853,0.5225078776801828,0.6039270440584693,0.35391947295309717,0.6712953968209442,0.5045219733489475,0.6089961204193652,0.681378289102979,,0.569889704395384,0.6278625402479695,0.6631242672657335,0.551248762425257,0.785012869498874,0.5783478553145458,0.5756888198141911,0.6660472266674202,0.5283334226655965,,0.6706535138673659,0.5349335427847145,0.7586980769707996,0.6690247260082162,0.726357188746163,0.6921100876702627,0.43282981818212063
邮政业,0.26802197755396007,0.36996782025312913,0.41433155801449006,0.341091927344876,0.32228991591773,,0.39833125193778535,1.0,0.21559777598158175,0.40273008307521374,0.42181734062248566,0.3092074303176304,0.41841627003978976,0.4629302373731412,0.3225144059914035,,0.3935567513993983,0.35560524196051274,0.401882527884113,0.3296889847637177,0.41535538238188896,0.2848823005353275,0.3043511050967586,0.40087373569701584,0.3896358663373807,0.338637598984245,0.4079971578746502,0.28220128337063466,0.19154082832157135,0.355062832809258,0.3057327646143682,0.4272655172495286,0.36831086123609746,0.33734920047552636,0.2058594448296308,0.3509119115130663,0.3958055930685385,0.30449441220466295,0.2886099180747679,0.48269762941495226,0.24906235516026187,0.39421722631686884,0.3022324848563929,0.4076585015657979,0.36196776738428627,0.3847270401558037,0.4017076373265489,0.34550616651207733,0.3884410415478933,0.41006556947865497,0.18637944089586642,0.45185992228363103,0.3753448275049061,0.38705734610962184,0.3865305241963661,0.3241324782162765,0.1975655265556166,0.3442107729534141,0.2520885853092801,0.2793241021372049,0.42795247041100387,,0.3901419984622971,0.3632580706114127,0.4345238339933031,0.29270701312924546,0.4739260768833999,0.37233339026672946,0.37564562377667743,0.3964603572883048,0.26145579550944004,,0.38802078491436043,0.27150091104431956,0.46640106199416326,0.3450574685431918,0.42335466169563396,0.39433822551159414,0.17708764812990635
其他制造业,0.2879662705699076,0.3953206693145276,0.4673341684184638,0.4671028382361332,0.4529042993555322,,0.4138853998256539,0.21559777598158175,1.0,0.4727530029357906,0.459623473818536,0.49871012676567134,0.4107069883972013,0.4472194045008334,0.32037533252675676,,0.4398946162977888,0.3520095200784147,0.43646428702853507,0.310182279282524,0.36861889443349644,0.3172246597912549,0.38218987297993257,0.543741637224525,0.27068325224847484,0.42529684314039184,0.43358703600422743,0.3910455689520763,0.3508747508898912,0.43237285359067285,0.3760530663103251,0.4056770693403897,0.3943069295286783,0.4400044472395617,0.2504310902156195,0.4211747017793326,0.48253345488132154,0.3318104593480643,0.2164942418536265,0.4948579215771304,0.24592712307556455,0.5029206069491495,0.35453978386190665,0.4270620904741282,0.4185749605875194,0.33563711821519343,0.3762161410451821,0.2614575100357967,0.4680977894455073,0.4567229399874481,0.1826784912353601,0.45300567442256184,0.4231027954462781,0.3418291649468595,0.2958639485233638,0.4271255353925486,0.27441868110894907,0.42238865494238215,0.28277953215630147,0.40267460697253854,0.43648994294375076,,0.5273439527204,0.33875448046554396,0.3655908447119461,0.33230785918125016,0.4990598232017773,0.42742143885378336,0.4328488942491355,0.4886134219616852,0.3745367636929591,,0.4052803294804541,0.3239113777914154,0.47705393780331595,0.3902810100500661,0.45709738395023447,0.4413427411642775,0.18646657662498847
燃气生产和供应业,0.500051113651446,0.7315325942096287,0.7048562863735861,0.710346416464398,0.6209369531799978,,0.6504819753755395,0.40273008307521374,0.4727530029357906,1.0,0.6754527852592805,0.5357866475412028,0.6194957432681443,0.7484624984636533,0.6651219623257681,,0.6354976117735517,0.574927010891088,0.6107639851122064,0.5482423442867029,0.5938739724392607,0.6603086561172097,0.4814901745575625,0.7260473566860137,0.4949700994273284,0.5097825050488469,0.74695330882903,0.5358585890558166,0.36509690036848924,0.6276922004623059,0.5984972781588331,0.6389337106340276,0.6398219746660279,0.6483164955079656,0.5131688701251792,0.6749086366015222,0.6278723724964191,0.41219736014222097,0.40274325331401123,0.7490454038241707,0.39463928467418913,0.7449393487223055,0.5487327907142291,0.7099352711456391,0.596006063674843,0.4629143362035838,0.6413682428512804,0.5206025077429011,0.6798686125704645,0.6727723306557641,0.5319224364648919,0.7083390311831879,0.6294629577331045,0.6583259006643375,0.5511682278458292,0.629014493521341,0.3582142203120987,0.5838834896593972,0.5792541039009788,0.5401315354177931,0.664362809338316,,0.5655790400855516,0.6194064678917699,0.7304761243793901,0.5624733435334215,0.785080204540935,0.6369367288122068,0.6904694927199281,0.7384656817832437,0.5198319053351806,,0.6457637166395579,0.39931075756720436,0.7010590698255202,0.6286217592749557,0.6233606267538433,0.6964979903022275,0.5074051471553233
生态保护和环境治理业,0.4341126753114249,0.5867908634448428,0.7030900751846202,0.6991042998117429,0.621891363357138,,0.6740745904977246,0.42181734062248566,0.459623473818536,0.6754527852592805,1.0,0.6089788796352572,0.5375398921192663,0.7803802509856391,0.48580116194578793,,0.702939361890696,0.6164964191243674,0.7203031779609863,0.5979378538172004,0.6232224429337229,0.43681513396207183,0.5341442447170781,0.6578174297683498,0.5130396715393286,0.5882709919327933,0.6277609144400247,0.5505230709135454,0.374053642108834,0.5657473145210019,0.5584557682024596,0.6240812244586088,0.5920887196405072,0.5638462611661484,0.3230548921050352,0.6689156037032525,0.7068938518164165,0.38917691452335545,0.3630923553328668,0.779237057858457,0.37459267227810994,0.6646395771683337,0.5706587591601099,0.7359889624160546,0.6965350594193669,0.6137115527943973,0.4932811202632271,0.5586697819865674,0.7528574811608647,0.7317864594460322,0.31839893030643074,0.7137394498302905,0.6235858544552078,0.5871385549318594,0.53947217524417,0.6640305728421737,0.3261332727705964,0.6439937075383821,0.39012129820253827,0.42831504950055677,0.7455758285605015,,0.5521323997161846,0.4847549071990131,0.6689524300267016,0.5238085747947416,0.7612334501719504,0.5489042694322259,0.6314025897050245,0.6968812134737706,0.5253232415728647,,0.6731548407984822,0.5975182613877433,0.6919944465803718,0.7011668660616492,0.7684733648501363,0.6570190487319492,0.279456257522434
住宿业,0.39813149710798,0.47727700437847437,0.5767777767964631,0.5838888660567875,0.5018366702189493,,0.5166608492579214,0.3092074303176304,0.49871012676567134,0.5357866475412028,0.6089788796352572,1.0,0.40649451973665485,0.5867694666918621,0.4255815520136564,,0.6730515501488934,0.554399834884185,0.5570326197921031,0.454990027557266,0.5607065870057175,0.3814640905924023,0.4246497420109188,0.6994181826711023,0.39357495393009023,0.5386545013650116,0.5165817985930402,0.4407773050923735,0.23691389537362054,0.5111673690617349,0.4551032990193829,0.5648465233586599,0.461846862505829,0.49942572231486965,0.29932527777282597,0.5198199677164004,0.6353491210494953,0.31777061769848913,0.38053079210533386,0.605307005994024,0.34092160969577906,0.5866228801522569,0.47331943235022256,0.6129400617746775,0.573743631374665,0.5121391447608998,0.41621448638888486,0.45812215628473796,0.6248587808200747,0.6529199013482707,0.3266362448935324,0.605884213054264,0.5788165367176259,0.48409041529549607,0.4068025650498252,0.5270376699636617,0.29071812543042674,0.5324796047281686,0.38579213120124983,0.32241525401020854,0.5562857093542924,,0.5230587073460373,0.4611346784068461,0.5459246929192751,0.4163358576116163,0.6427314532008708,0.543826702353713,0.5770870486568745,0.6141736125032481,0.4036605946859579,,0.5771724316856685,0.3221904748581465,0.5719919135382749,0.6245123612748738,0.6497454166933163,0.6016070159819341,0.3180723929011026
黑色金属矿采选业,0.2971164444298359,0.6915043033263429,0.6615212098695075,0.6176522675131049,0.4654441513009068,,0.6664771893492146,0.41841627003978976,0.4107069883972013,0.6194957432681443,0.5375398921192663,0.40649451973665485,1.0,0.651776598186897,0.6570107440011912,,0.510871837567513,0.5111646776331549,0.6329513779983946,0.3771235566509544,0.48135284174103427,0.6468843999074441,0.4209307220811338,0.6087656804523485,0.4675569926711905,0.49906462403389845,0.660885321684732,0.42143259413680595,0.31945645505669135,0.5932426141638784,0.512198673145822,0.5439937052646764,0.5230108080645856,0.6100613542352349,0.561532810328539,0.6100301701765021,0.535805917509089,0.44189059408154985,0.3308122588757854,0.7000489107800225,0.2592976041243826,0.7183368287314565,0.44528189616672265,0.6020575688633653,0.5538051295669078,0.36880141690814205,0.7380580496715845,0.5092891044870514,0.5720369178118269,0.5913629646100719,0.4113454285836649,0.5873511258214363,0.5137877355479632,0.5770639821723197,0.45762219172163743,0.5103616230782827,0.25528117692377644,0.4757290378045887,0.5311774053192205,0.6502337618491314,0.6179041342560107,,0.5076295192915669,0.6599446269510394,0.6626976530180079,0.5485243717468502,0.6953227964980688,0.5545467381189378,0.6062535770894346,0.642151582912999,0.43369513282574446,,0.5274815073102203,0.35301660076938846,0.7547545289262667,0.5605886547333264,0.5899919891419153,0.6193927891457949,0.4132574259269182
专用设备制造业,0.5005058022518198,0.7327464911652514,0.7807234672758215,0.7615268351870832,0.6393775462833678,,0.7815532354264061,0.4629302373731412,0.4472194045008334,0.7484624984636533,0.7803802509856391,0.5867694666918621,0.651776598186897,1.0,0.6650585711451946,,0.7415537692312377,0.6936345287518121,0.8200401104913794,0.57840499030969,0.6439956619088123,0.623247089124159,0.6178405946415053,0.7560775051575549,0.6615090156096068,0.6657803155412227,0.7541302520302354,0.5907494279674277,0.4113314157204396,0.6436982552673483,0.6287893518780086,0.7818514793655948,0.6502244220719567,0.7383086198800022,0.4732249531625103,0.7559401364641614,0.8002062507193967,0.46455095495563853,0.40951770122943393,0.8508044323474141,0.4761091476609795,0.7631352923565735,0.5669443112692792,0.8480049188959674,0.7464854277643579,0.6250398843937455,0.6221380747370259,0.6057429492816498,0.8085952060219996,0.806487037528228,0.44832661384530886,0.8209028260201512,0.6915427249188757,0.7105004577129509,0.5666375154571607,0.7254647964767807,0.4185494949261652,0.7066426094588122,0.555298997415957,0.5504230001884747,0.7954798780007242,,0.6365622695901775,0.6754477115348816,0.7896633903100646,0.6507559053308818,0.85147466041235,0.6235295796185901,0.7248707751552438,0.7561165454221586,0.6120847993244851,,0.7353275546164104,0.579193188319923,0.8275766128686683,0.7949199262995947,0.846685491362579,0.7844689104327149,0.43451175712140955
黑色金属加工,0.420710545526669,0.7569680232369119,0.7142406678847301,0.6367079659608202,0.49149808799482086,,0.5979725340891329,0.3225144059914035,0.32037533252675676,0.6651219623257681,0.48580116194578793,0.4255815520136564,0.6570107440011912,0.6650585711451946,1.0,,0.5107766218514147,0.5313675290630853,0.5236290025074807,0.3852004183256349,0.4568370688358813,0.8091077712034082,0.41903059812758275,0.7349982149123644,0.3673047305399648,0.4099224457202203,0.8103222745270786,0.4470459079157036,0.2287223132217173,0.6196686205836011,0.494638366589018,0.6338097638852361,0.5776981459903116,0.6618277190509739,0.7073334642570566,0.6038163990232963,0.4835290671398435,0.4015925436139265,0.494428441895692,0.660338241596155,0.27600172805406514,0.7143006245561908,0.5188936325871094,0.7137194259464279,0.4539901214047876,0.3065940894813818,0.7513902702659717,0.5055965794534764,0.5641383269788806,0.5400372354426464,0.6694167642581249,0.5961895812131593,0.6128599254945815,0.7169431887282663,0.4215845428959619,0.5484343462550967,0.3200801344275542,0.484117022405692,0.7332341941276538,0.5725023547910298,0.5846198951067604,,0.5663466207659287,0.8336316685211042,0.7352623322878374,0.6209004998289049,0.6687150527593612,0.6115204368704631,0.5880957675475119,0.6616263500990373,0.40947649561942395,,0.49592459885568174,0.22176112254380376,0.6756217810169306,0.5385968345970708,0.4669188984799437,0.6794831512703001,0.6456415596071506
机动车、电子产品和日用品服务业,,,,,,,,,,,,,,,,,,,,,,,,,,,,,,,,,,,,,,,,,,,,,,,,,,,,,,,,,,,,,,,,,,,,,,,,,,,,,,,
公共设施管理业,0.5092414560023952,0.5868332365393499,0.6432953956453495,0.6669153105254325,0.606273428198284,,0.61354297685324,0.3935567513993983,0.4398946162977888,0.6354976117735517,0.702939361890696,0.6730515501488934,0.510871837567513,0.7415537692312377,0.5107766218514147,,1.0,0.6295303248511575,0.6940420260260187,0.5901693722033162,0.638653888813982,0.4307041320087162,0.5743346412686506,0.7051256230377988,0.49421643078885824,0.5772160543240459,0.67142497604682,0.5563725742870287,0.31689647797617554,0.6011030418262389,0.5596312390060333,0.6577563111531458,0.6281270089736071,0.540549081155036,0.3276964983805508,0.6952655789416788,0.7630076920305289,0.33352697365046224,0.4032367727374707,0.7336739544367925,0.4052114878150193,0.6554919663972334,0.48318152213016674,0.6885615051178228,0.6720522648660392,0.5688592632913049,0.4317356865104217,0.5441399685490779,0.7662471136039735,0.7881089425873122,0.32056390813524493,0.7077026834795999,0.6065030986480373,0.5898885300576807,0.5563796768839915,0.6961261152735352,0.40488710657426624,0.6001742897232702,0.40079235248205797,0.38083354242313766,0.6940091148599572,,0.5440941373359969,0.5312716982307313,0.6474885879092509,0.4659022144329282,0.7470326754583873,0.5442949310899122,0.6625111327440685,0.698974011790448,0.519681850593639,,0.7051623324834012,0.5155456615128027,0.6695693268189326,0.7182081144047071,0.7695352542754006,0.676186239647024,0.31550771377129694
卫生业,0.4050442777856743,0.5566075086234121,0.6223992743858128,0.6135967516791143,0.5471262229482481,,0.5673637944921152,0.35560524196051274,0.3520095200784147,0.574927010891088,0.6164964191243674,0.554399834884185,0.5111646776331549,0.6936345287518121,0.5313675290630853,,0.6295303248511575,1.0,0.60950942081543,0.5248954116201734,0.48657724268817387,0.4691751910625308,0.5153973726163028,0.6724477953112638,0.46010028538043524,0.6069622662066365,0.6097467638963396,0.48768289417941096,0.30879232048365696,0.5104353582997392,0.49671357450525544,0.6213687495416111,0.49489277104435664,0.5496179810379413,0.32166964397687614,0.5517161652195548,0.5677422688822614,0.1091339244910403,0.4002999197938196,0.6764111364406651,0.3576440750445531,0.6062492265334233,0.4571216081765938,0.6833043756930033,0.5334121274661624,0.5188861639239819,0.4786260148735451,0.5156901636902548,0.6629322992854556,0.6549407742150031,0.3864323034433283,0.6493520227488402,0.5514449662609203,0.5813407073650946,0.5149169952808315,0.5949235815354259,0.3903003982135082,0.5492828835671885,0.48084943127589225,0.36140398573083327,0.6154950155459931,,0.5121406397476904,0.5363988496282218,0.5345079175279105,0.5689647051644956,0.6838990993497598,0.5195519896596776,0.606085808950689,0.630572856687933,0.4657063743722967,,0.5680351317965693,0.3873074626080334,0.6300613194467123,0.6050808041637514,0.6350908250139556,0.6326092200997382,0.3521059910631006
计算机、通信和其他电子设备制造业,0.43148954064012557,0.5967133135756325,0.6932405059493573,0.7367310673044605,0.5764403304102941,,0.7524913039652559,0.401882527884113,0.43646428702853507,0.6107639851122064,0.7203031779609863,0.5570326197921031,0.6329513779983946,0.8200401104913794,0.5236290025074807,,0.6940420260260187,0.60950942081543,1.0,0.5777033057492662,0.6395930076487357,0.48168286571709756,0.5745414356054609,0.6590171134178662,0.5764928813947161,0.5920098446331653,0.6711396477977816,0.51074353023105,0.3760082944235077,0.6119746524708186,0.5622715707414248,0.6647158780835775,0.5686323032262538,0.580895208149954,0.3450145998538629,0.7150144485018155,0.7370086903310461,0.3715965660143544,0.2924544922836569,0.792823984377249,0.42727775591926315,0.6847721767179665,0.5418095609706451,0.7142480235195277,0.6984233611725904,0.6471305679701711,0.5127372111995416,0.5440050481363107,0.7531257494402573,0.7276875039709989,0.29447647141601735,0.7628006695773614,0.6266045136557835,0.6091116946411467,0.5385392444424257,0.6663569525991306,0.4412697079214427,0.6703685451995434,0.42889393157904515,0.47272411499338324,0.7300041024354298,,0.5747063748717905,0.5689901404866636,0.6508802197348421,0.5471525048539209,0.7689871000372139,0.5693477349629271,0.6442962711947551,0.6778969370364398,0.5275647570605909,,0.6936181775023885,0.585005884236976,0.7101823637463226,0.7853744699860868,0.8509642157110493,0.6952203806880978,0.27411494998808567
畜牧业,0.3688327519987512,0.49057496888972596,0.5373548022285973,0.561853242935102,0.5822066594689917,,0.530459766778895,0.3296889847637177,0.310182279282524,0.5482423442867029,0.5979378538172004,0.454990027557266,0.3771235566509544,0.57840499030969,0.3852004183256349,,0.5901693722033162,0.5248954116201734,0.5777033057492662,1.0,0.48997610905204403,0.37793592803500864,0.44244145146786074,0.545723625619314,0.37983212145036876,0.5575948441781886,0.5020217251102483,0.5216874839102232,0.28993942359044145,0.4798091328175763,0.4024353331306437,0.4719377948443256,0.569250779531541,0.42081319322713523,0.2632241136370414,0.526035842243994,0.5562728717224007,0.29399265340586495,0.2180727331586309,0.5839740096298675,0.3251330299579449,0.5633857073675912,0.4583496476238608,0.5732070720409821,0.5189462373141258,0.5085304004675993,0.3967337833471763,0.4294379514791534,0.5811908144218619,0.6035718653600188,0.27013682112604676,0.5391622364785099,0.48999607328835376,0.5056398997071705,0.4585826324186221,0.5284076990788278,0.3510004810599583,0.5447360401799836,0.35431195601892757,0.33803926737480405,0.5948382985403654,,0.42967930788667663,0.3969627965847132,0.4801896235183773,0.4350901282718424,0.595569204898072,0.4511958990402768,0.5264275001144643,0.5769160989464897,0.3929751605467767,,0.5719900786336882,0.45254105894075297,0.5139547057970796,0.574905869264709,0.565485617676851,0.5169820819963945,0.3044791462923555
餐饮业,0.39940580854711055,0.5440000098482787,0.5789016818153192,0.5898327600682794,0.4602977297166254,,0.5702494599078576,0.41535538238188896,0.36861889443349644,0.5938739724392607,0.6232224429337229,0.5607065870057175,0.48135284174103427,0.6439956619088123,0.4568370688358813,,0.638653888813982,0.48657724268817387,0.6395930076487357,0.48997610905204403,1.0,0.40853116199790407,0.4698126299982768,0.5963898079863496,0.4358809031317827,0.5091309667216495,0.5918679533725347,0.3926297841844449,0.31907782609653856,0.46289764421940344,0.5574921057466932,0.6092899429979366,0.5090550017348163,0.5091934930775657,0.2555490308588466,0.5756978937914333,0.5963065537590603,0.35241962753938794,0.33029731562553827,0.6497269139868542,0.42620580340171244,0.5850884923325261,0.5222377060770914,0.6257612309590236,0.5875443640966842,0.5111173302666708,0.43017671489397935,0.51244301598238,0.6569117520466198,0.6151984568790473,0.3071983742384148,0.6678306101597892,0.6415560090150697,0.5070399975873421,0.41432897262201296,0.5814611621648555,0.4057424131846121,0.5318885316911974,0.3536602452866228,0.35699504380804353,0.5961546969637227,,0.4767224153478337,0.4973751152305703,0.5824671554618467,0.37479835255974875,0.6568366114555975,0.5449850917120468,0.6068192693605836,0.6003559126595056,0.43252374594148146,,0.6005062515394226,0.43816492973488175,0.574761729686517,0.6605580524750226,0.65389962806988,0.5659319455673986,0.26189418601469694
煤炭开采和洗选业,0.37635594477563716,0.8586210607711413,0.6577947813128774,0.601662275049583,0.4670688288573945,,0.5930055272220925,0.2848823005353275,0.3172246597912549,0.6603086561172097,0.43681513396207183,0.3814640905924023,0.6468843999074441,0.623247089124159,0.8091077712034082,,0.4307041320087162,0.4691751910625308,0.48168286571709756,0.37793592803500864,0.40853116199790407,1.0,0.402151400511614,0.6439094163781962,0.34765313157931554,0.41737900930477106,0.7191341279454068,0.3901623056672742,0.24116795895929313,0.615869002514421,0.41713807564584787,0.5029753096568571,0.5146151261288692,0.5967613831746695,0.7631802577882252,0.570311833616668,0.41137363222658924,0.4354536987690607,0.43508626921787386,0.5772827300451339,0.2594151524747014,0.6942790799070642,0.4029310590174906,0.6497645306502533,0.43641556738109116,0.27135122441142323,0.8492904054894074,0.47047482531725043,0.5060076689702137,0.4706796850262078,0.6708565103217455,0.5289889617657997,0.5102630690638116,0.6541599026824485,0.3800179665034999,0.4714904199006336,0.22427518878261618,0.41993219854197184,0.7777430661130976,0.6386296592816043,0.506893950334175,,0.4868802894165538,0.7585125206581658,0.685407410916651,0.5990052060314487,0.6358377544420475,0.5817857042161378,0.5397088341946021,0.6030567693422051,0.3682790366351509,,0.44618161735080913,0.1744463025561067,0.6734901237028802,0.4973903627681889,0.4364026007858035,0.6070965642256373,0.7176835564659132
研究和试验发展,0.39362055079529756,0.4853815115738421,0.5159656716274905,0.5892441190492953,0.5152539672434373,,0.5051285380828258,0.3043511050967586,0.38218987297993257,0.4814901745575625,0.5341442447170781,0.4246497420109188,0.4209307220811338,0.6178405946415053,0.41903059812758275,,0.5743346412686506,0.5153973726163028,0.5745414356054609,0.44244145146786074,0.4698126299982768,0.402151400511614,1.0,0.5808772526108145,0.4827258238045327,0.5027400655774663,0.5400019438992758,0.4457669417073056,0.23576884305908108,0.45826416215262744,0.44600708846844694,0.5067300208023623,0.46931950045568127,0.48929667724990783,0.2847110990614272,0.5653519457205215,0.5295399281480853,0.3149538553725845,0.28946815353675165,0.616579524344483,0.28977326666429937,0.5175587982334658,0.4633789302505445,0.5774006766412209,0.48953764141919615,0.4361573603341586,0.40862175274567886,0.4146677928136929,0.5785197568334088,0.5316706115669189,0.26967004456180255,0.543142508405748,0.49738232694965573,0.46632746141655607,0.414221428467367,0.5554135458008853,0.2702257873234607,0.5595317476515363,0.4387304864309526,0.33778929016887566,0.5486571386134645,,0.5007277704683265,0.41772136301739476,0.5009138230691867,0.370052047343665,0.5879802611069457,0.5086714235729294,0.504431107644871,0.5667058804387965,0.47385100008341213,,0.5596988092554082,0.45785818780125326,0.5639024540386951,0.5791902734977069,0.5837635127574665,0.5453978166560498,0.25269695402851655
道路运输业,0.5314322045753546,0.6960323931699681,0.7193728632472074,0.7246761588333964,0.5986243204050689,,0.6359465470269494,0.40087373569701584,0.543741637224525,0.7260473566860137,0.6578174297683498,0.6994181826711023,0.6087656804523485,0.7560775051575549,0.7349982149123644,,0.7051256230377988,0.6724477953112638,0.6590171134178662,0.545723625619314,0.5963898079863496,0.6439094163781962,0.5808772526108145,1.0,0.47474509892533306,0.6174574011908893,0.8304450126751279,0.5393331624551693,0.25587266699665195,0.709371732274073,0.6037244075954175,0.6901646532023674,0.6026608295702675,0.6890361610606063,0.5688045397422139,0.7456116672511992,0.6602212366636052,0.39455536565486116,0.5613062271226037,0.771377872230146,0.34157641629707325,0.7292432324346703,0.6040858320170751,0.7981313934898809,0.6189715060127393,0.4567356311700711,0.6188308241544506,0.6027486520464225,0.7300263690377533,0.7144411974014039,0.5804703567355892,0.7515487265712882,0.6886373843073643,0.729833539495599,0.5067721989570644,0.6381063790925868,0.40818015891198467,0.6250722209404194,0.6609964064406908,0.48358075238740017,0.70593414258937,,0.6670035404729393,0.7498251535100088,0.7212985066265298,0.5987676107149419,0.8054607406301503,0.7334807811280863,0.7604190254212642,0.7859643193731248,0.5221229722532835,,0.680443528151798,0.3634759834761352,0.7548170217445693,0.697982533208412,0.671024881634523,0.7870355167789643,0.516477732793376
仪器仪表制造业,0.32621105853804094,0.4473671748813344,0.493019868765524,0.5092445047482509,0.45182181694224527,,0.5148930330063377,0.3896358663373807,0.27068325224847484,0.4949700994273284,0.5130396715393286,0.39357495393009023,0.4675569926711905,0.6615090156096068,0.3673047305399648,,0.49421643078885824,0.46010028538043524,0.5764928813947161,0.37983212145036876,0.4358809031317827,0.34765313157931554,0.4827258238045327,0.47474509892533306,1.0,0.5246477517493667,0.4693990673477152,0.43321912466879875,0.2751828797698388,0.394596538426364,0.4476640202425409,0.5648266459648245,0.4151872874578755,0.4557326535036105,0.23474985584461228,0.48220632931811924,0.5337304968818244,0.3105671228216628,0.2738529208236454,0.6656250655226763,0.3367747802231752,0.4804635030764478,0.40689891320884086,0.5354879757207506,0.4925344051334281,0.4836572531845404,0.37956373014247624,0.46157240917023157,0.5890173427423906,0.5264700120812557,0.20022306556328054,0.5703978982970301,0.4642233693187188,0.4118436561777398,0.41545198779183096,0.4862729448195529,0.2654957860549284,0.4794503614351762,0.3108623524605932,0.33411914184338565,0.5476398468869658,,0.4618424052743917,0.3645210322088479,0.4945198035690156,0.3492989422421126,0.5585739185772114,0.40977399060067143,0.489459509541019,0.47119685305179415,0.4792019743325881,,0.5090166193029618,0.38637226225864174,0.521714638294566,0.5877273504323446,0.6525226790823234,0.49900592908729907,0.22228392396829338
建筑装饰和其他安装业,0.31113704687409566,0.5334428671977518,0.6177144937158952,0.5418770842391626,0.44112470051951647,,0.5450757297664567,0.338637598984245,0.42529684314039184,0.5097825050488469,0.5882709919327933,0.5386545013650116,0.49906462403389845,0.6657803155412227,0.4099224457202203,,0.5772160543240459,0.6069622662066365,0.5920098446331653,0.5575948441781886,0.5091309667216495,0.41737900930477106,0.5027400655774663,0.6174574011908893,0.5246477517493667,1.0,0.5275956835223321,0.4512561178850908,0.2802293324907909,0.4380298546420014,0.49151453902200826,0.5311705596478326,0.430816502042761,0.4995987818565177,0.2921915387405761,0.552906506790873,0.5956482558933418,0.39505643221311554,0.3220482442367631,0.6371803966898791,0.41728035026928484,0.5603162621500813,0.42394106833066003,0.6508248287392001,0.6134766505630005,0.4731057442832496,0.4955478571821394,0.5073680096779785,0.629984741256149,0.673866159637079,0.2638092110708229,0.6016507857955612,0.5267611530303241,0.46374556352817803,0.4252191007577311,0.5431146354078884,0.33365158596413663,0.5614462796240656,0.3946665398080129,0.43437579064492104,0.6209057726079446,,0.4791133149533767,0.42721552914941835,0.5476723837422366,0.4842075367975586,0.648502914211891,0.4747290037569107,0.5698419265639051,0.5997716646238435,0.47037574170583846,,0.5709457489897777,0.43334801073852164,0.5965989469183801,0.5995315634738614,0.668227886972502,0.598111687774674,0.26999819016666027
电力、热力生产和供应业,0.47660022731069457,0.7169401724119965,0.7454330489822035,0.7251172622007337,0.5792744753305289,,0.680719154110833,0.4079971578746502,0.43358703600422743,0.74695330882903,0.6277609144400247,0.5165817985930402,0.660885321684732,0.7541302520302354,0.8103222745270786,,0.67142497604682,0.6097467638963396,0.6711396477977816,0.5020217251102483,0.5918679533725347,0.7191341279454068,0.5400019438992758,0.8304450126751279,0.4693990673477152,0.5275956835223321,1.0,0.5311585579744681,0.3011003782619381,0.7207882929010775,0.5867915017828751,0.6899372943779246,0.62276537690415,0.68798966263038,0.6337381675694436,0.7287793392980828,0.6289556190779224,0.4227753456737486,0.4838206001081479,0.7908269393552705,0.369206566916932,0.7417027230267124,0.5870278610017763,0.771267243377531,0.6133468406422519,0.4295382815111733,0.6775940787714899,0.5737788233998824,0.6984540240854152,0.6902737027560093,0.5956647776967136,0.7247380137119765,0.673042720425831,0.7577881544978475,0.47692661068864806,0.6629271225934201,0.403362329974814,0.5933971228832889,0.7005528341022446,0.5496706145440509,0.6955431764486477,,0.6082994533868555,0.7798960333448606,0.7354049994369628,0.6348665626705002,0.7834358128540305,0.6951810675059946,0.6831028409074033,0.7426845556798806,0.5329968265944617,,0.6214556108091123,0.37641445130038564,0.7530314399219054,0.6677012201360681,0.6645438383907719,0.7541862103751116,0.5798330500620613
农、林、牧、渔服务业,0.338640833774616,0.5042893749534108,0.6023321574357093,0.5455630645026341,0.8115326351641404,,0.5362410534058154,0.28220128337063466,0.3910455689520763,0.5358585890558166,0.5505230709135454,0.4407773050923735,0.42143259413680595,0.5907494279674277,0.4470459079157036,,0.5563725742870287,0.48768289417941096,0.51074353023105,0.5216874839102232,0.3926297841844449,0.3901623056672742,0.4457669417073056,0.5393331624551693,0.43321912466879875,0.4512561178850908,0.5311585579744681,1.0,0.4187025414574728,0.48107606985935386,0.3769828317226225,0.4835391223936545,0.5937989517844358,0.5174735149004542,0.31465457225256027,0.571839027422043,0.5364208460790856,0.3594897310217994,0.20741835922663626,0.58936429734576,0.24974824527010875,0.5896287879957313,0.4227629241923736,0.5737300758005136,0.5356938081416641,0.5378034119599969,0.43251020189940964,0.44396428090758266,0.5797269488863086,0.5831662054072254,0.2616495210062061,0.5831111897774267,0.4706217495829822,0.4682609266037548,0.42691851511976187,0.5488507199029784,0.3306316608724584,0.4880697093622751,0.3527544288986976,0.4194352544496629,0.5812394573891679,,0.3841004850484887,0.4456740769817884,0.5010948503094222,0.4494930442411769,0.5960872451417304,0.4460716553860911,0.5084561186288807,0.636988018142753,0.5383239123114312,,0.5712430210515579,0.3924025090143007,0.5411956642379815,0.5211582768139212,0.5589942855800794,0.5338959303679031,0.25702913041395625
林业,0.15796855270964236,0.2993093276381254,0.38019934545831297,0.295972899668,0.36112202773659324,,0.3831486726657329,0.19154082832157135,0.3508747508898912,0.36509690036848924,0.374053642108834,0.23691389537362054,0.31945645505669135,0.4113314157204396,0.2287223132217173,,0.31689647797617554,0.30879232048365696,0.3760082944235077,0.28993942359044145,0.31907782609653856,0.24116795895929313,0.23576884305908108,0.25587266699665195,0.2751828797698388,0.2802293324907909,0.3011003782619381,0.4187025414574728,1.0,0.1881944297234302,0.28680758234716136,0.31323997321787367,0.3273225506852081,0.3654744138896514,0.11474202573771206,0.31318326201047253,0.4089041965890222,0.2526647412745843,0.09748219026598398,0.34997852447018113,0.2622127262512626,0.39588973448778725,0.20686911164361765,0.378430752664175,0.37896857667869405,0.34233861942883664,0.2975709057546129,0.12703302987363285,0.3433132256376299,0.3891635028926928,0.0763030667879876,0.4138487273571883,0.35477657386406164,0.19154399054631438,0.3312305713403143,0.3611413250709913,0.1429928124649646,0.29345296319729736,0.14464777922938235,0.40544746282448213,0.34443796676161315,,0.23038781968241895,0.2751498343533402,0.28584939110048396,0.29044441461054,0.3891618882169141,0.2744091957781652,0.31286431367801526,0.32305884348801395,0.3142276703054375,,0.3116976923237768,0.30066361109493667,0.3769395337827786,0.3453143012865836,0.3974924028615499,0.29547083616970093,0.08886735404305274
