,家具制造业,石油加工、炼焦及核燃料加工业,非金属矿物制造业,通用设备制造业,农业,建筑安装业,金属制品业,邮政业,其他制造业,燃气生产和供应业,生态保护和环境治理业,住宿业,黑色金属矿采选业,专用设备制造业,黑色金属加工,机动车、电子产品和日用品服务业,公共设施管理业,卫生业,计算机、通信和其他电子设备制造业,畜牧业,餐饮业,煤炭开采和洗选业,研究和试验发展,道路运输业,仪器仪表制造业,建筑装饰和其他安装业,电力、热力生产和供应业,农、林、牧、渔服务业,林业,航空运输业,专业技术服务业,仓储业,农副食品加工业,铁路、船舶、航空航天和其他运输模式设备制造业,石油和天然气开采业,电信、广播电视和卫星传输服务,零售业,文化艺术业,房屋建筑业,电气机械及器材制造业,酒、饮料和精制茶制造业,化学原料及化学制品制造业,教育业,土木工程建筑业,纺织服装、服饰业,文教、工美、体育和娱乐用品制造业,有色金属加工,装卸搬运及其他运输代理,食品制造业,商务服务业,货币金融服务,纺织业,木材加工及木、竹、藤、棕、草制品业,铁路运输业,租赁业,皮革、毛皮、羽毛及其,科技推广和应用服务业,广播、电视、电影和影视录音制作业,资本市场服务,有色金属矿采选业,橡胶和塑料制造业,非金属矿采选业,废弃资源综合利用业,水上运输业,汽车制造业,开采辅助活动,综合,水的生产和供应业,印刷和记录媒介复制业,化学纤维制造业,渔业,体育业,新闻和出版业,医药制造业,批发业,互联网和相关服务,软件和信息技术服务业,造纸及纸制品业,其他金融业
家具制造业,1.0,0.680569907614176,0.6324470034074697,0.7326461623436131,0.5953709550131673,,0.6906503874277546,0.6469496202069963,0.39269448814610486,0.7239191879764979,0.6660836451210814,0.6269570399514369,0.6996656807727973,0.7926109534400765,0.7188304686599171,,0.663855568300913,0.6195439573149764,0.7722402630971963,0.4944966549217754,0.6740845460610714,0.664686530124091,0.2659731497308,0.7778867629539024,0.4560269230128236,0.6008701424422956,0.7210507883387683,0.4580476421181638,0.39070395410548686,0.6363212267961754,0.61144375241945,0.5715712705520586,0.5668125141862099,0.6456771705489118,0.47355977608264077,0.6251352396590407,0.6815370130613445,0.5814285549861039,0.06658916354339367,0.8082916177547779,0.34506234028366023,0.6070739922981527,0.48882136368002826,0.7147740589753202,0.5274668728990416,0.47616150717772543,0.7171070654937094,0.41380380310627285,0.6852009195300561,0.6851107768877884,0.49249022427308287,0.7491924525626867,0.6869052849071273,0.6292105733042755,0.4697148147464708,0.6852279501243714,0.4611964381501634,0.6180470863349473,0.6543678745352868,0.6365818073337266,0.7125402242095282,,0.4654840650945164,0.7216180332618205,0.6735578133180112,0.558731608732081,0.7495358793273953,0.6608780876651975,0.576059352168127,0.6694317671276835,0.4734993881401934,,0.590793145491398,0.7025933348709112,0.7283364439040069,0.7298550485825492,0.7520286143697086,0.7598330386832703,0.5821813487023985
石油加工、炼焦及核燃料加工业,0.680569907614176,1.0,0.6058385638575212,0.7377494565053067,0.5638715769466778,,0.6443784812900093,0.6410291843509076,0.37942723739799294,0.6954297728172715,0.6876133048029524,0.5996654666298152,0.7092753791513763,0.7359333188924551,0.7107699669230598,,0.6093818360071006,0.5862401466635749,0.7133061022406693,0.4586718041775199,0.6108682799852856,0.790223578621517,0.3740786697946425,0.7154763686129632,0.4246512865252068,0.5847727504367383,0.7040170238177804,0.46898160115028026,0.36195181445783897,0.554489263972919,0.5662893524788064,0.544805761644107,0.47159581273508966,0.6196700480159062,0.5510267314567003,0.5857184374468931,0.6126436682343706,0.5006230980600486,0.1566166569755563,0.7788565790448893,0.2615212058802061,0.6281183420458655,0.4547351352862807,0.7015259939700135,0.46466695139766595,0.3832716998971449,0.7713484925392279,0.408541626596486,0.6379462426639374,0.6253156726321487,0.5112678725903108,0.7069448319275718,0.6204058600533412,0.6308599531719319,0.46445624079462616,0.57640253688414,0.408880522060203,0.6051153560645001,0.7109693688037342,0.6459155109444251,0.6460628310610318,,0.40784340087438353,0.6921464558318927,0.6627374843951043,0.578205957941533,0.7008986123429584,0.6219486411196532,0.5463970809479354,0.6734504361978253,0.44483125594180345,,0.5513994566103568,0.6476106310101989,0.7475170622044076,0.6758622889381419,0.6911888361378175,0.6851382722188701,0.5908071998827019
非金属矿物制造业,0.6324470034074697,0.6058385638575212,1.0,0.6812811185511484,0.4910224686292278,,0.6614067085394685,0.6338532534335007,0.31667731080348893,0.627321475155531,0.5789276282117332,0.5349447556912404,0.6564527775307788,0.7395941193743804,0.6801919657189461,,0.5958887368650094,0.5831220802273579,0.6955209520533222,0.41853501175617125,0.6075672980333026,0.6372273732073159,0.24837141624071887,0.7145213905747576,0.38655228493258886,0.5266333269686339,0.6647658708099984,0.436652914587656,0.41386662804149343,0.5707581403339719,0.5357303124516631,0.5165327454321905,0.49053099517614757,0.5976839065359912,0.4654705353562526,0.5810171056857875,0.596872721150899,0.5531454453927753,0.058189900974441794,0.7049608949467634,0.2935302716014087,0.550991135553453,0.42750743020553233,0.6960438487531915,0.3861256104097242,0.4513823874373183,0.6612187559229777,0.3181961844659794,0.5400287929250881,0.5591494032918466,0.5218416388392836,0.6395352213579354,0.561379213491767,0.622262674626114,0.4431611530581913,0.5253303819094391,0.34115868826997314,0.5784156986442587,0.6275682668956891,0.5462943250702467,0.6366882483914921,,0.5010379844561708,0.685560221750756,0.6458563869252218,0.553219896493854,0.6613461359966617,0.639357862780019,0.4750603888984999,0.5937448569155911,0.4038166771067891,,0.5489588460666298,0.5791981967293751,0.6568449166447003,0.6494787177567084,0.6436193189646546,0.6413717507083249,0.5712449103602177
通用设备制造业,0.7326461623436131,0.7377494565053067,0.6812811185511484,1.0,0.7099819662489988,,0.7612798088557765,0.6651735657028274,0.45413207091756874,0.7392344444785478,0.7104378040324453,0.6849200721347978,0.7242094573415804,0.8134803262852206,0.7224634676576089,,0.7082490800266723,0.6806745125205848,0.8212280053432469,0.558598963086503,0.6714882800528377,0.6587903555066974,0.3828269125645892,0.796923442006175,0.4618539241463249,0.5938926324437342,0.7652440140218126,0.5249991057502573,0.37848495962581735,0.6165562158520153,0.6520389993494642,0.5920260626566621,0.5476315382416341,0.7678056330189508,0.5364756276303786,0.7071591231716648,0.6810985913522889,0.6171305396167076,0.0693006339002701,0.851937573313812,0.3257081782571574,0.6765215502856349,0.46097661989336125,0.8260814208379496,0.5219516898028257,0.4942768566730012,0.7122231135311669,0.4361704223490267,0.7124919199367146,0.7180096892818467,0.5136051097515407,0.7556109175909425,0.6489305101301266,0.7250108681544848,0.47069196181224976,0.6584520993444012,0.39505759662468565,0.6977333425165528,0.6921298091618268,0.6203279348451358,0.7383710098528874,,0.5152897320436964,0.7692716082114809,0.7006265086916595,0.6858134366062556,0.7667527489652786,0.7594134881362332,0.61768761216958,0.6829466217350564,0.5353492623386722,,0.6321687947233607,0.7040331723983215,0.743809398481539,0.7635543587485505,0.7760592658341192,0.763163078491631,0.6263344041443019
农业,0.5953709550131673,0.5638715769466778,0.4910224686292278,0.7099819662489988,1.0,,0.5752188289790772,0.49100549965526336,0.3279039382779876,0.5535059079773218,0.5781181644979352,0.48939772589270153,0.5470226489187185,0.6039120059874021,0.5583599267166786,,0.5350434127782723,0.548280948525138,0.6304047318400813,0.5284185823448324,0.4965843999082982,0.4982932973878157,0.2657314548749686,0.6165249730746918,0.2773867700318021,0.4920446645855159,0.5927812778665342,0.6853455887727928,0.35822533171211096,0.45631538372869807,0.47880774858877195,0.39721799829231214,0.4851233289585913,0.6311002194984635,0.38073859547174776,0.49650041041183574,0.48556901718248807,0.40618826570028455,0.013756921500802913,0.6618527383829321,0.22468275769082566,0.6082093806178821,0.42348754804420147,0.6806794544780566,0.38123345904024136,0.388801259626707,0.5667906788090947,0.35917352321974744,0.5791099195369273,0.5536782480072039,0.3323238713521422,0.5838652953929853,0.4986829714661781,0.44377034945456906,0.31691773445105764,0.5205927520525959,0.26374921150687075,0.49016829081065216,0.4885781170891641,0.5196282860626528,0.5285789466789075,,0.350564696398178,0.5780386548778862,0.5727486634727633,0.5073525351164565,0.6111878752252133,0.6376010940602194,0.5238885511185389,0.5085435742430037,0.454192637185941,,0.47603149377215964,0.5186787500887741,0.5581014487279211,0.5447059531544506,0.6049926080668654,0.5518620782602058,0.47602840728017976
建筑安装业,,,,,,,,,,,,,,,,,,,,,,,,,,,,,,,,,,,,,,,,,,,,,,,,,,,,,,,,,,,,,,,,,,,,,,,,,,,,,,,
金属制品业,0.6906503874277546,0.6443784812900093,0.6614067085394685,0.7612798088557765,0.5752188289790772,,1.0,0.6354024431407049,0.3507214762853719,0.7167395788253196,0.6345057954864383,0.5826312082194113,0.6995036956252106,0.7938665372883312,0.7201513700760909,,0.6605074482921766,0.5847299281639423,0.7786196599440188,0.49166940691355804,0.6720514206430873,0.6112163826376197,0.3069832556547966,0.7653891746617739,0.3627259643796982,0.5827798999918741,0.7306586252283047,0.44573159348432817,0.3860074138549923,0.6496358207098635,0.6065475148408809,0.5318419147745922,0.4773966335512052,0.6793740435449466,0.5105647407940442,0.651164586070896,0.6496412446526847,0.5307995882174434,0.027288417003769938,0.7823663631301092,0.3240646501575451,0.6010999121877821,0.5190828169218644,0.7683912476903079,0.43887387110838766,0.5136158362072434,0.691998761968521,0.42790798202019437,0.6414986584750416,0.6830039590700202,0.5425785484825316,0.7365451695534762,0.6608641557414624,0.6884363839443913,0.44765089460657737,0.6093999498007324,0.4397083338084312,0.6687943618333926,0.7100643163824724,0.5461730395977245,0.6892256976084045,,0.4288081933106274,0.7572474333354573,0.7143626270252943,0.6862148844975667,0.6817924564148082,0.6703012734664309,0.5960473755935314,0.6746828403379147,0.4949192570592971,,0.627893406199105,0.6661675683421288,0.7258351606165053,0.7156935612887463,0.7201832878514453,0.7241430289197623,0.6091068339773404
邮政业,0.6469496202069963,0.6410291843509076,0.6338532534335007,0.6651735657028274,0.49100549965526336,,0.6354024431407049,1.0,0.426761087768036,0.6280859313720871,0.6616210655761309,0.5964557970058567,0.6436546350549108,0.7151538417942469,0.6846401804482927,,0.6359790496292159,0.6087618748207121,0.7548581618131546,0.5318867822777887,0.6975001291159196,0.5435699325204136,0.21927948159629368,0.7144529988156514,0.4117868302541467,0.5449368561441412,0.7155868612208782,0.45437398369916027,0.3652041325525848,0.5668230159252102,0.6328900718215233,0.5226772576477084,0.5545423750432784,0.6376246237318096,0.41482879021886604,0.5886675682872137,0.6582345970519647,0.6029859661703815,0.052241217036459855,0.7691034148344458,0.3787761817467908,0.6265964901442402,0.48782016004274475,0.6588494793396009,0.5308333198449596,0.4979040790184795,0.6139114691768163,0.3983320756481006,0.6083560522083641,0.6642410672723266,0.4673658196662187,0.7495151527636299,0.679078712694539,0.6073108303266195,0.41804811239972134,0.6325137409408518,0.38408731770050136,0.6592257165640296,0.6322500105174577,0.55847950445964,0.6657820249296655,,0.44672225041653135,0.6487962227629289,0.631238579034492,0.5455948198741734,0.7130433265618291,0.5934348046203842,0.5752000077407419,0.6241702821063841,0.5290453385535148,,0.6146896475838458,0.6860901002240901,0.6653614761651023,0.697297686603924,0.7220558845506702,0.7322356435524543,0.5324568979215676
其他制造业,0.39269448814610486,0.37942723739799294,0.31667731080348893,0.45413207091756874,0.3279039382779876,,0.3507214762853719,0.426761087768036,1.0,0.45631794945704207,0.4128499372044644,0.37934015557804157,0.36626844590461305,0.4855222666995194,0.375763273761089,,0.45944109654875914,0.4196599095162209,0.4497472763491894,0.3301004588740482,0.39866991297400534,0.35094899127501133,0.2967883023206831,0.42633558606360344,0.22364582231734711,0.4196553523423842,0.41225432118818506,0.3477428248985836,0.2266208200945917,0.34392462312424843,0.3787110181427041,0.3664038805899663,0.34861516950626675,0.416597566920346,0.292557842402718,0.36454055762950827,0.4727527344796677,0.30817316472318873,0.001737176873619328,0.47472951526072904,0.27505426124540433,0.3342903563383698,0.2936417110722348,0.45380477831328797,0.4079479929607248,0.32461341778456393,0.4544891757587937,0.296266522748932,0.41883017044313287,0.48714957188957597,0.29712492470105534,0.4275757482303176,0.4041417225757293,0.33259291846330635,0.292870638963455,0.38049257324954816,0.2095749770577429,0.3645315808320194,0.37118900778460096,0.5155369032991467,0.41906241421323226,,0.3090837493593269,0.382940774267253,0.41118433699448464,0.348723983963877,0.45670572055511244,0.39399695354771525,0.3103605480250607,0.3650890775611261,0.34344307609004754,,0.4344166995504039,0.44450517634375053,0.3946314140112859,0.460109508586263,0.5016363343078597,0.4501265551872938,0.3746774159505584
燃气生产和供应业,0.7239191879764979,0.6954297728172715,0.627321475155531,0.7392344444785478,0.5535059079773218,,0.7167395788253196,0.6280859313720871,0.45631794945704207,1.0,0.6682831931319102,0.6044778598232935,0.7396979053681142,0.775100401902697,0.719251994033224,,0.7173104752096221,0.6189799039592018,0.7585136265714187,0.5413287968469758,0.654351845833978,0.6532860402090699,0.39694073022689697,0.7979894686173298,0.49571527939867477,0.6091388774962723,0.7555242574703985,0.5471056733267365,0.3715126145620587,0.671480155654145,0.6191642823592645,0.5750937416580043,0.5620120671306683,0.6757759704094296,0.5439628001783334,0.6775618102981346,0.6712516419996021,0.5738182825855892,0.061691828554525784,0.8061266295544856,0.42192970702446536,0.6340426426343776,0.48120382055850974,0.7365003988255892,0.5166504221719512,0.4714124577467425,0.7120193551671956,0.39863103704325364,0.6829253104901318,0.6911740140831029,0.5720760473070574,0.7567309041181504,0.6906961849964435,0.6984864425469781,0.4864594687272409,0.6431782813101736,0.4443930567713416,0.6805965666011179,0.7293209673119702,0.6083836622250322,0.7165358548283018,,0.5078630181758371,0.768294656983881,0.6611484097822949,0.6150333070086467,0.7603837526315788,0.6583216936628917,0.6217919696315468,0.6768300149714779,0.492546372052189,,0.6247915775661432,0.7327565406366334,0.7251116035679329,0.7197151245859433,0.7569905173798329,0.7504105294004451,0.6340944630532113
生态保护和环境治理业,0.6660836451210814,0.6876133048029524,0.5789276282117332,0.7104378040324453,0.5781181644979352,,0.6345057954864383,0.6616210655761309,0.4128499372044644,0.6682831931319102,1.0,0.5518323639737343,0.6493287235320254,0.7713408800654348,0.6540373383569464,,0.6242107304996972,0.6529612553001684,0.7977115815355501,0.499230550207584,0.6495260774012798,0.5964322263321749,0.2602783345364611,0.672772520879177,0.5633605408216947,0.6624350616963186,0.7221103852764016,0.5534414740200854,0.32014497939010483,0.552524665619556,0.6390206044431116,0.5665365008229073,0.5338388048201775,0.6595832891365578,0.37818609071974263,0.6015111870863781,0.7164341869820655,0.587887019097708,-0.013584503284603712,0.8265031356423549,0.37659721451086275,0.7034405297164918,0.3942213372494769,0.7323789816141233,0.5617634107910054,0.539325701842664,0.6523393150365386,0.343813217811828,0.6476622888842625,0.6850702914790385,0.38865966768560517,0.7170670509892695,0.6199424270327076,0.5635668914988441,0.5361220929051109,0.6908468168181379,0.357889875825119,0.6554351499681351,0.576180114770749,0.5507046653518871,0.7182787880929244,,0.4233931906454212,0.6089192785015026,0.6642164304599207,0.5746320235579987,0.7022748198853092,0.6624109617107741,0.6348444810626629,0.6388116005844829,0.5152670249129191,,0.6561144276255617,0.7803453632178469,0.7046568164410638,0.7289464836718024,0.8027215802410358,0.7153445272996823,0.4782190482695669
住宿业,0.6269570399514369,0.5996654666298152,0.5349447556912404,0.6849200721347978,0.48939772589270153,,0.5826312082194113,0.5964557970058567,0.37934015557804157,0.6044778598232935,0.5518323639737343,1.0,0.5965331918608718,0.672225498472987,0.6357470391287042,,0.7141144683205971,0.5458132062994193,0.6795681380406854,0.46697173305275974,0.6629385822185353,0.5267667036655868,0.38957346863635894,0.70933322258447,0.374505323568218,0.4845965389620682,0.6542446193277125,0.42337975475304584,0.3575493367251185,0.5636580688140196,0.5986064029500658,0.48163195773082407,0.48228231820956263,0.5875735542709503,0.4545661513500657,0.5468544413376345,0.6016308122214045,0.5378316255731748,0.06400051553616024,0.697077264407746,0.3186750260392154,0.5294112380093536,0.4268047394727773,0.6192427553972619,0.4504439489545465,0.4051275606760609,0.5815566261789891,0.3680580442881599,0.6017979254763511,0.7110629451386784,0.49503203298136983,0.6790056267510385,0.5850742442659812,0.5434447361417015,0.34243961151524976,0.602575681373135,0.39180104201734656,0.6168455595633051,0.6007768468527174,0.5111898660599441,0.6362818913122255,,0.40280374890864434,0.6576021420197004,0.5418538664135364,0.5206657532422452,0.649576515292431,0.5638314526690807,0.5438415777201147,0.6003292083064904,0.4234451045105238,,0.5054041892013414,0.6133060815802973,0.6036814710553354,0.6761955483151535,0.6638427591549013,0.6756548424683022,0.5158506576160093
黑色金属矿采选业,0.6996656807727973,0.7092753791513763,0.6564527775307788,0.7242094573415804,0.5470226489187185,,0.6995036956252106,0.6436546350549108,0.36626844590461305,0.7396979053681142,0.6493287235320254,0.5965331918608718,1.0,0.7565474547672344,0.7642679901917868,,0.6820449903038959,0.6228907660085878,0.754398665319111,0.43850821252461825,0.6789802160335642,0.7115319374267542,0.3518037937846473,0.8019077476467468,0.47786710656071196,0.5617573770001256,0.7594324576546418,0.4596192163072174,0.43097995307816916,0.672129139857082,0.6576272856323457,0.5418573692549307,0.5514462627307729,0.6323227304245803,0.5683477936049067,0.6142138676926526,0.6271705727329449,0.6302506617786833,0.031070839231561943,0.8023722608989864,0.24721975133986887,0.6374944948295621,0.5643923437803058,0.7031410731804595,0.4886597488937883,0.46940432360639867,0.803908146046562,0.3342312730802919,0.6134736608500134,0.6943590513241835,0.5775459213863307,0.7276830062210223,0.6949258644796874,0.6897455052406001,0.458108148543978,0.6462226900783519,0.45590396790789,0.6517443191522324,0.744096016474206,0.6943376938329546,0.6541055539891582,,0.5176474449023054,0.7150234165188902,0.721127127641229,0.6010906831763869,0.7165647925519302,0.6494126470459848,0.5588532707872829,0.6326255703393372,0.43568525598702856,,0.596714485082692,0.6705614606951807,0.7741661606831497,0.722116668509569,0.6923418198650364,0.7599299627904954,0.6409196828059329
专用设备制造业,0.7926109534400765,0.7359333188924551,0.7395941193743804,0.8134803262852206,0.6039120059874021,,0.7938665372883312,0.7151538417942469,0.4855222666995194,0.775100401902697,0.7713408800654348,0.672225498472987,0.7565474547672344,1.0,0.7797397539772306,,0.7535344407050457,0.7183711813968235,0.8614857675799137,0.5566538283106292,0.7362002381771542,0.7015439484801648,0.3421379015265915,0.8268855062366646,0.4636592189522203,0.6348222687489586,0.8163879951655694,0.5368981674252538,0.38859385183608836,0.6909903542628143,0.6970004248585852,0.616525868171955,0.6025330458312677,0.7692467055457682,0.4993533216126952,0.7063531411136633,0.750046043321366,0.62303934689084,0.05497108449826901,0.8930076391307655,0.38903845090847033,0.6847763665690721,0.5221775807124664,0.8108897666611584,0.5729135004400074,0.5166657121946088,0.7664209885015906,0.44413306114905426,0.7419938120893302,0.7757520324443197,0.5359459905719872,0.8040759486850958,0.707214036153732,0.6808982580087659,0.5368552436824229,0.7093014486839596,0.40425875476416323,0.7261573420962296,0.7145681679425356,0.6395880781610661,0.7774812674543446,,0.4960935035346197,0.7784403779102856,0.7586302560056087,0.6723932052644621,0.7906701540991177,0.7206660796328498,0.6632109702238328,0.7252351063160142,0.5283154103527138,,0.6484357526110468,0.7700140810675952,0.768834930632362,0.7675094791026947,0.8299223619910658,0.8327721976339479,0.6408421860171055
黑色金属加工,0.7188304686599171,0.7107699669230598,0.6801919657189461,0.7224634676576089,0.5583599267166786,,0.7201513700760909,0.6846401804482927,0.375763273761089,0.719251994033224,0.6540373383569464,0.6357470391287042,0.7642679901917868,0.7797397539772306,1.0,,0.6877526431474619,0.6315836456550119,0.7589866398746643,0.46212047427528097,0.665010714319615,0.722161030635774,0.31162455161745994,0.8430790663518416,0.42016425745410624,0.5743194007859066,0.7998389298482985,0.4955790715913431,0.40541409108321885,0.7040133111225139,0.665903464599715,0.5439827587391356,0.4882875158729566,0.6572818570193824,0.559165764576785,0.6361105610444933,0.6201438055216483,0.5883915721651081,0.07435062958435462,0.8231639374043966,0.25839519744428124,0.6681974948959616,0.49742611587117086,0.7254222795230842,0.4875385603214678,0.45867275331596596,0.7687806765021521,0.39692109788528723,0.7067605927567695,0.6811882087025745,0.5975607865379708,0.7543978323060285,0.7113278499203084,0.6846228787021778,0.44136235045657424,0.6478100584802755,0.4335051445848408,0.6567831414647826,0.7298986773780127,0.6431122950174967,0.700710518618901,,0.538480627697932,0.788517470377276,0.7068830387499835,0.6037342179739482,0.7196907902089752,0.6819524293998778,0.6427312685283766,0.6653821880747821,0.4718497705460758,,0.5808612701186062,0.7000697487023347,0.7697400592418965,0.7283885529935712,0.7191224120929679,0.804371420742591,0.6525944539809135
机动车、电子产品和日用品服务业,,,,,,,,,,,,,,,,,,,,,,,,,,,,,,,,,,,,,,,,,,,,,,,,,,,,,,,,,,,,,,,,,,,,,,,,,,,,,,,
公共设施管理业,0.663855568300913,0.6093818360071006,0.5958887368650094,0.7082490800266723,0.5350434127782723,,0.6605074482921766,0.6359790496292159,0.45944109654875914,0.7173104752096221,0.6242107304996972,0.7141144683205971,0.6820449903038959,0.7535344407050457,0.6877526431474619,,1.0,0.6171900659697552,0.7652252141588085,0.4885387406671567,0.7049976068085929,0.5340394994814297,0.2964261329549108,0.7578874987851291,0.4244802990200873,0.5532482863702601,0.7452291288038543,0.48695835719264063,0.36439131921474627,0.6162008238103972,0.641436469867035,0.585763290218287,0.5656193839403658,0.6337745365026229,0.48856457826181304,0.6167719322794637,0.7025903530728851,0.6053942473530309,0.04144186932658469,0.764461999084,0.3813238372062732,0.5989099172575445,0.5136696919374372,0.6684500486854906,0.508362665219443,0.5072679338278588,0.6342576136699627,0.4386311093322384,0.6944550922248729,0.8332420571730844,0.4756620214604921,0.7282283246770634,0.6913459109701359,0.6528260659618106,0.4334229497830696,0.6793818102790821,0.4107530043676944,0.6659330609672053,0.6237785022407485,0.5313803963668415,0.7083925544045936,,0.517223800195322,0.6770011977060524,0.6089769859342974,0.5644570660747611,0.7103753923647956,0.6261298214343138,0.6133039107954397,0.6497001741850418,0.4672410662685518,,0.5939863667441311,0.7231118124100084,0.6617094992863808,0.7379651063326831,0.7319452845483202,0.791960762070308,0.5349856375520964
卫生业,0.6195439573149764,0.5862401466635749,0.5831220802273579,0.6806745125205848,0.548280948525138,,0.5847299281639423,0.6087618748207121,0.4196599095162209,0.6189799039592018,0.6529612553001684,0.5458132062994193,0.6228907660085878,0.7183711813968235,0.6315836456550119,,0.6171900659697552,1.0,0.7295079098757183,0.6036947021433094,0.6282877575612081,0.5023990444517736,0.2543362141871841,0.6769733696744031,0.4141909750039084,0.5797398095002073,0.6789414007318901,0.5272642133615267,0.3138759707470723,0.5057167030437116,0.6387650072276181,0.5486092576175134,0.5010742233866771,0.6470358335545521,0.37070798040471464,0.5984777478820386,0.6335844770166819,0.5227094517453841,0.04928582757568632,0.7475888979042998,0.3206982760564826,0.5587118284569103,0.4890490270908262,0.6453478658722942,0.4955393521124441,0.4259596679096296,0.5720955083687611,0.4075478472225315,0.6246079593083073,0.674541848599179,0.38754874761142216,0.7107273226644739,0.591544045766987,0.5558550002329967,0.44132838848680755,0.5697007153498174,0.3899680565597755,0.6390613554919431,0.576072408509172,0.4854959777312326,0.6463400011866917,,0.4238021577373078,0.6338479557004737,0.6027502934667143,0.5199704446533242,0.6623293172100285,0.6567929526816332,0.545127922364699,0.6519799838338786,0.455785386672781,,0.5448634449108986,0.6281391099318545,0.621839821805133,0.7322865422168543,0.7087482821380897,0.6889692207112389,0.45054906735804406
计算机、通信和其他电子设备制造业,0.7722402630971963,0.7133061022406693,0.6955209520533222,0.8212280053432469,0.6304047318400813,,0.7786196599440188,0.7548581618131546,0.4497472763491894,0.7585136265714187,0.7977115815355501,0.6795681380406854,0.754398665319111,0.8614857675799137,0.7589866398746643,,0.7652252141588085,0.7295079098757183,1.0,0.6227526763656394,0.7402062726472237,0.6671333176210967,0.2940744999765449,0.8244664520484372,0.504251324345486,0.7006297591013131,0.7981338322840794,0.555838962760921,0.41308012364907454,0.673825721206055,0.7556381655366032,0.6656688842315076,0.6309938060325875,0.7594235255415407,0.4940150215531091,0.7292571202562913,0.759905147504513,0.636351935421762,0.029495434714218394,0.9193635644727776,0.3888941486998817,0.6786089260171947,0.5410524623340387,0.8280429593544856,0.5941266196732935,0.6064843322187037,0.7535273403279692,0.4348343662337981,0.7365409328583348,0.7850239838801172,0.4874992392220818,0.8211539601053305,0.7446267123774332,0.6845169182598002,0.527208400723758,0.7244057135351825,0.43437086156049554,0.7682932146221482,0.6975171663315967,0.6395516850574171,0.7908473753956885,,0.48726901246087884,0.7465076535055059,0.7512164982405202,0.6488239092110385,0.8087238382477496,0.7462808738826057,0.6953913210594644,0.7407522357339473,0.590616065497586,,0.708401325685262,0.8270178623896577,0.7969703778785276,0.8467179639213879,0.8750768304330547,0.8242828187615008,0.6028688829464246
畜牧业,0.4944966549217754,0.4586718041775199,0.41853501175617125,0.558598963086503,0.5284185823448324,,0.49166940691355804,0.5318867822777887,0.3301004588740482,0.5413287968469758,0.499230550207584,0.46697173305275974,0.43850821252461825,0.5566538283106292,0.46212047427528097,,0.4885387406671567,0.6036947021433094,0.6227526763656394,1.0,0.47156878429367305,0.35098334991159164,0.21844055123770365,0.5197305860130327,0.2484424157137823,0.49541085194805085,0.5275652498950523,0.5164068147685141,0.2766486361687809,0.3730559321385246,0.5339962284676923,0.40603102617894754,0.4308229382515731,0.5170706082732295,0.23312033657482623,0.4578401428499203,0.5263889898937606,0.3851746929994914,0.06989086715630205,0.5907060244685698,0.279920899240795,0.5237835603008546,0.4171288540718738,0.5303627128176656,0.41937265370760585,0.3495680482785697,0.4113744194546939,0.3601310767889164,0.5497171143683989,0.5291993064097472,0.3252874874357181,0.574632029939139,0.48435880540139226,0.4668152846114938,0.3394009584474849,0.44598612424680023,0.2882487980475198,0.44981503243057236,0.4330514983921453,0.3565023413081463,0.5693009645268252,,0.40028564470429434,0.4893175245531954,0.5146098715897603,0.43519029777670243,0.6092053614018998,0.4524485672136328,0.40787580332421336,0.5324638977463931,0.4692183792460581,,0.42864394648066334,0.539502882848419,0.45083206202838744,0.5340350678949977,0.5989421019366704,0.5064712266900848,0.385902991978409
餐饮业,0.6740845460610714,0.6108682799852856,0.6075672980333026,0.6714882800528377,0.4965843999082982,,0.6720514206430873,0.6975001291159196,0.39866991297400534,0.654351845833978,0.6495260774012798,0.6629385822185353,0.6789802160335642,0.7362002381771542,0.665010714319615,,0.7049976068085929,0.6282877575612081,0.7402062726472237,0.47156878429367305,1.0,0.5704188198250052,0.21852401278811906,0.7339503570866871,0.42117606585073236,0.5634797281999867,0.7029443991608275,0.44802827159757275,0.3571462446824841,0.6905501246346042,0.6350734308022834,0.5548832568735529,0.5833331652122216,0.6435690745686425,0.5040271313152576,0.6375416926400328,0.6889323960354202,0.6110326313784404,0.02122520159306042,0.7450598381926531,0.40478445020641685,0.558820247105813,0.4814477040486243,0.653087698857488,0.5298474429205108,0.49991037419669876,0.6549589971158073,0.33731846842181223,0.6653082621809163,0.7269868332979831,0.5118438649726381,0.7408183474503817,0.6560118267264538,0.6310784320172381,0.3982590076044994,0.6570024645135244,0.400054809711203,0.6842985269349056,0.6430879354390276,0.5511307427467965,0.659074343629557,,0.42413645846888465,0.7042021960440167,0.6133626020429968,0.5799461764507023,0.6853807064818571,0.6414605695947663,0.5755070584299742,0.6109581388652638,0.5128168373617977,,0.6329962639628012,0.7131307103541433,0.7029726853093701,0.7048691983843551,0.7232984448266774,0.7441555559621875,0.5789902026932292
煤炭开采和洗选业,0.664686530124091,0.790223578621517,0.6372273732073159,0.6587903555066974,0.4982932973878157,,0.6112163826376197,0.5435699325204136,0.35094899127501133,0.6532860402090699,0.5964322263321749,0.5267667036655868,0.7115319374267542,0.7015439484801648,0.722161030635774,,0.5340394994814297,0.5023990444517736,0.6671333176210967,0.35098334991159164,0.5704188198250052,1.0,0.314535811709718,0.7130170447654253,0.37288041269479105,0.4921743397751741,0.623199027445927,0.41615086220592745,0.3841935032239924,0.6002394145990373,0.5153021107099625,0.4580031472618894,0.48661957324307764,0.5370189011245563,0.6415254244973289,0.552083901362798,0.5243111245483334,0.44561487531334815,0.05695426838870221,0.7176449046068342,0.2788542246905747,0.5173760127234329,0.400250857660971,0.6486391974451542,0.3944361321544746,0.378797813395661,0.791573353998779,0.29032118452578676,0.5547001631673761,0.5502897790722077,0.5768480293177555,0.6125415633637908,0.5501187002386271,0.6038679293654047,0.39853073176758214,0.5334363395726694,0.2849052987793006,0.5402431676858034,0.7041655162696308,0.6365745925338964,0.5892068497526597,,0.351088920135096,0.6766533800772823,0.6535758743187274,0.5593283822083343,0.6194138668141206,0.580416574117012,0.47164288020635464,0.5773492048488715,0.360381459639994,,0.5178654999342476,0.5953718402392789,0.703223061525872,0.6173868052095431,0.6236339313623218,0.6614082002556317,0.6423126354981624
研究和试验发展,0.2659731497308,0.3740786697946425,0.24837141624071887,0.3828269125645892,0.2657314548749686,,0.3069832556547966,0.21927948159629368,0.2967883023206831,0.39694073022689697,0.2602783345364611,0.38957346863635894,0.3518037937846473,0.3421379015265915,0.31162455161745994,,0.2964261329549108,0.2543362141871841,0.2940744999765449,0.21844055123770365,0.21852401278811906,0.314535811709718,1.0,0.3606222917054989,0.16079797767373658,0.2546720069305134,0.3914954981891776,0.2565857487634142,0.16779927351863,0.3049970585590239,0.3090493969265544,0.2372355185205361,0.2361402870954774,0.3629463004786683,0.31424412337626695,0.19786134207091163,0.25396358023827975,0.23801786944880177,0.12925016995791433,0.3504301827734097,0.11292113215682256,0.30787516203017473,0.22502848675158058,0.38111327594090655,0.2236727670298881,0.12408952115566256,0.34060376014733884,0.17728333384740613,0.30185254408433354,0.3319417011792909,0.3315507482511283,0.3494560632263937,0.2931973149440819,0.3447033529427022,0.18718464179074418,0.2659425650047483,0.2734365682832109,0.2928484905433109,0.3250252916390374,0.28351046359204574,0.35437547471191677,,0.24083170518510397,0.3535660568742242,0.3108726791338605,0.257598604842652,0.3402090782514654,0.2950465163686266,0.21797743930191255,0.2718733433635608,0.15080514548293328,,0.2350242367033215,0.2808279538408589,0.3064687228858289,0.3383344666654205,0.30847046735218464,0.3023773602502341,0.30556740758884887
道路运输业,0.7778867629539024,0.7154763686129632,0.7145213905747576,0.796923442006175,0.6165249730746918,,0.7653891746617739,0.7144529988156514,0.42633558606360344,0.7979894686173298,0.672772520879177,0.70933322258447,0.8019077476467468,0.8268855062366646,0.8430790663518416,,0.7578874987851291,0.6769733696744031,0.8244664520484372,0.5197305860130327,0.7339503570866871,0.7130170447654253,0.3606222917054989,1.0,0.49016225711385963,0.593502101850456,0.8232708700009486,0.4924193419607037,0.4476058990568407,0.7428311686704592,0.685723315163344,0.6004271052251801,0.6193376542739376,0.7320180546716969,0.6098192969395149,0.7060829152737005,0.6964820161808695,0.6444206487516713,0.05155618693775323,0.8660025562989087,0.3232935423671416,0.6745646353829942,0.5670995280346548,0.7869948106008204,0.5251108352681271,0.5367419545337414,0.7707923090299708,0.4360550177988626,0.7131270232773558,0.7379135931458428,0.6601900510988966,0.8122617522416071,0.7307970963757418,0.7503332619583825,0.4764224973657041,0.7055201865545183,0.48435227774813433,0.7313373649152133,0.8054010002635533,0.6481267301169138,0.7332237980560811,,0.5554095163712002,0.8345269801475066,0.7243870645344939,0.6413989060701172,0.7766467291747506,0.7444050081050562,0.6790558747196184,0.7182794644033204,0.509923082221959,,0.6592877893828586,0.7548298043476929,0.7920409858261102,0.8019230573245568,0.775667504972614,0.8445761939458775,0.7404846613392592
仪器仪表制造业,0.4560269230128236,0.4246512865252068,0.38655228493258886,0.4618539241463249,0.2773867700318021,,0.3627259643796982,0.4117868302541467,0.22364582231734711,0.49571527939867477,0.5633605408216947,0.374505323568218,0.47786710656071196,0.4636592189522203,0.42016425745410624,,0.4244802990200873,0.4141909750039084,0.504251324345486,0.2484424157137823,0.42117606585073236,0.37288041269479105,0.16079797767373658,0.49016225711385963,1.0,0.4353623821502392,0.49457210937870094,0.2760435280350979,0.20978370181164022,0.3986671419272267,0.44695077273665623,0.41890350065055526,0.342082254184198,0.40988015979284614,0.2635749527065153,0.4799932682918648,0.44082544287435604,0.4261675374630573,-0.06427308910374206,0.5627118295108375,0.18191721779257583,0.4410471717380475,0.2740372092903744,0.43359680706398357,0.372971706563629,0.43299760930119785,0.401076183230071,0.3026285007229332,0.4097637736071297,0.4461481474670512,0.3587503797849071,0.5144436339429537,0.3995225201242897,0.4040188148598325,0.37842298235890026,0.49246163865508547,0.26505580906263354,0.44229315964827254,0.43929774673716,0.3351024813410784,0.44202245993323014,,0.26588360459924343,0.44213113982282637,0.4078384380259275,0.32545798550413874,0.4535192045175472,0.47509139032588105,0.39673364846651027,0.4046842679353699,0.3805851622905123,,0.450727082910785,0.47045435613763387,0.49746566852830787,0.4979021577423737,0.4972920038457532,0.46818336010672856,0.39963888229127403
建筑装饰和其他安装业,0.6008701424422956,0.5847727504367383,0.5266333269686339,0.5938926324437342,0.4920446645855159,,0.5827798999918741,0.5449368561441412,0.4196553523423842,0.6091388774962723,0.6624350616963186,0.4845965389620682,0.5617573770001256,0.6348222687489586,0.5743194007859066,,0.5532482863702601,0.5797398095002073,0.7006297591013131,0.49541085194805085,0.5634797281999867,0.4921743397751741,0.2546720069305134,0.593502101850456,0.4353623821502392,1.0,0.6265775304674027,0.5086097734361377,0.26568381041690914,0.5767140914544373,0.5217703339013865,0.49134493941366025,0.448952504831906,0.5897740603157712,0.36451966097880545,0.5486335326183132,0.6726771308609112,0.4792788413500048,0.021664877831262832,0.7175508565212722,0.40519987752046926,0.5755645266667595,0.37312189376266375,0.6398694867077996,0.4821890509617214,0.4881223804013002,0.5761972981571165,0.2871771296114625,0.5605861053702894,0.603934904697758,0.3784773976368204,0.6813835167730472,0.5719563407998515,0.5084875382389622,0.42432137644730145,0.5520047909285469,0.3112696358884688,0.5515064620306531,0.5022697622514156,0.5275743639457858,0.5978669020766287,,0.4182127139387747,0.5165545262529835,0.5803307131328168,0.43660097483213833,0.6513064627872994,0.5281400918019595,0.5253115983759171,0.5526773720540115,0.5452956288014883,,0.5294780891225248,0.6688366830713576,0.6129771617326598,0.6363106168647238,0.7284844227658325,0.6156965585960913,0.4635976582680649
电力、热力生产和供应业,0.7210507883387683,0.7040170238177804,0.6647658708099984,0.7652440140218126,0.5927812778665342,,0.7306586252283047,0.7155868612208782,0.41225432118818506,0.7555242574703985,0.7221103852764016,0.6542446193277125,0.7594324576546418,0.8163879951655694,0.7998389298482985,,0.7452291288038543,0.6789414007318901,0.7981338322840794,0.5275652498950523,0.7029443991608275,0.623199027445927,0.3914954981891776,0.8232708700009486,0.49457210937870094,0.6265775304674027,1.0,0.5113576051197974,0.3383625548578976,0.6903404837020295,0.686798241651732,0.6162773453830752,0.6123096586766706,0.685341953236436,0.5233321763779564,0.6881749591713764,0.6958500137540022,0.633336842549886,-0.007130275421034365,0.8541854796425026,0.383261609614375,0.6848823432251274,0.4927312633434189,0.7595858071993368,0.5383486590980536,0.5174234979161998,0.6899712598909415,0.45072106800551776,0.7225814741739391,0.7477707527991239,0.5493802752755147,0.7956047428160756,0.7043096518495523,0.7092002028314643,0.4693177665157055,0.6901780514067184,0.4497166518339499,0.6969072358329911,0.697003019617819,0.5524861843290545,0.7141020282411161,,0.5434564747145838,0.7555104827422943,0.7248946909445839,0.6293680233676322,0.7689603339216456,0.6953491172429054,0.7074131111529717,0.6998791720101665,0.5021236074528391,,0.6366797293266243,0.7154480260369439,0.7352569426070423,0.7522930161853546,0.7697799835647878,0.8095617268581558,0.6037940739989173
农、林、牧、渔服务业,0.4580476421181638,0.46898160115028026,0.436652914587656,0.5249991057502573,0.6853455887727928,,0.44573159348432817,0.45437398369916027,0.3477428248985836,0.5471056733267365,0.5534414740200854,0.42337975475304584,0.4596192163072174,0.5368981674252538,0.4955790715913431,,0.48695835719264063,0.5272642133615267,0.555838962760921,0.5164068147685141,0.44802827159757275,0.41615086220592745,0.2565857487634142,0.4924193419607037,0.2760435280350979,0.5086097734361377,0.5113576051197974,1.0,0.33367582571640153,0.40894111902182045,0.4651939620869023,0.3779058472125224,0.4244552152892508,0.5077804904758527,0.24358437064914223,0.41083731095394604,0.5036885822406281,0.3581799944390608,-0.11021034365644522,0.5859592315623341,0.31204641671200944,0.5521463212464234,0.3475846527209818,0.539679949825419,0.3855943226180789,0.37248495441794255,0.47581003300838903,0.2605912788170371,0.46464125666930695,0.5479547496475115,0.2983979505166549,0.5541084024018057,0.4401562107164772,0.35343560711882294,0.3726573757353862,0.43342049190466275,0.19116512344827108,0.45505849107391155,0.38900608337009707,0.4174190190919783,0.5177092213805331,,0.2567614402958641,0.45473354600740273,0.47695788509288667,0.42954252833801276,0.5438331181261836,0.586292436722428,0.4182716792323911,0.4892084633053811,0.5199770845372977,,0.4153079587519903,0.5649311000195886,0.4853741007147926,0.49401728789607696,0.5700729942518046,0.4746557892476219,0.41154552730812277
林业,0.39070395410548686,0.36195181445783897,0.41386662804149343,0.37848495962581735,0.35822533171211096,,0.3860074138549923,0.3652041325525848,0.2266208200945917,0.3715126145620587,0.32014497939010483,0.3575493367251185,0.43097995307816916,0.38859385183608836,0.40541409108321885,,0.36439131921474627,0.3138759707470723,0.41308012364907454,0.2766486361687809,0.3571462446824841,0.3841935032239924,0.16779927351863,0.4476058990568407,0.20978370181164022,0.26568381041690914,0.3383625548578976,0.33367582571640153,1.0,0.4212509279570802,0.3513785054852465,0.29044499145240005,0.31619033292466814,0.3515048739812502,0.24286977758833317,0.32693693454060724,0.31527814301509843,0.3567527913179381,0.06462183911865547,0.42871902296298126,0.12078532793268916,0.3663157012376758,0.3421956005913448,0.423272173975584,0.31100043751619577,0.29843677259921947,0.4255123032149842,0.19417696553979233,0.34623274897426654,0.33123044371930516,0.33765208359362325,0.4148705330714206,0.4012626838465907,0.3227349882528369,0.220310983880539,0.3615486312629618,0.3016478373658272,0.3234757118052015,0.37433552720821534,0.3724919568583274,0.3459267894825351,,0.17577011909952459,0.3670502177209985,0.3683911762499091,0.28175059904098404,0.3630159304099593,0.4062978835248041,0.2343794861603498,0.41614869518003145,0.2449644622850915,,0.3360989751213481,0.36686044858451605,0.38079782775904764,0.3975197723821735,0.35089517182746094,0.4328381185095617,0.3629450463221509
