,家具制造业,石油加工、炼焦及核燃料加工业,非金属矿物制造业,通用设备制造业,农业,建筑安装业,金属制品业,邮政业,其他制造业,燃气生产和供应业,生态保护和环境治理业,住宿业,黑色金属矿采选业,专用设备制造业,黑色金属加工,机动车、电子产品和日用品服务业,公共设施管理业,卫生业,计算机、通信和其他电子设备制造业,畜牧业,餐饮业,煤炭开采和洗选业,研究和试验发展,道路运输业,仪器仪表制造业,建筑装饰和其他安装业,电力、热力生产和供应业,农、林、牧、渔服务业,林业,航空运输业,专业技术服务业,仓储业,农副食品加工业,铁路、船舶、航空航天和其他运输模式设备制造业,石油和天然气开采业,电信、广播电视和卫星传输服务,零售业,文化艺术业,房屋建筑业,电气机械及器材制造业,酒、饮料和精制茶制造业,化学原料及化学制品制造业,教育业,土木工程建筑业,纺织服装、服饰业,文教、工美、体育和娱乐用品制造业,有色金属加工,装卸搬运及其他运输代理,食品制造业,商务服务业,货币金融服务,纺织业,木材加工及木、竹、藤、棕、草制品业,铁路运输业,租赁业,皮革、毛皮、羽毛及其,科技推广和应用服务业,广播、电视、电影和影视录音制作业,资本市场服务,有色金属矿采选业,橡胶和塑料制造业,非金属矿采选业,废弃资源综合利用业,水上运输业,汽车制造业,开采辅助活动,综合,水的生产和供应业,印刷和记录媒介复制业,化学纤维制造业,渔业,体育业,新闻和出版业,医药制造业,批发业,互联网和相关服务,软件和信息技术服务业,造纸及纸制品业,其他金融业
家具制造业,1.0,0.6011979364510076,0.5979818684268379,0.6433929245864629,0.5128761368423476,,0.6533059755174945,0.533795562967944,0.44672714113773065,0.49501167633294596,0.5977346432044166,0.44307359373517,0.47795458654785444,0.6601191352964793,0.5495103742472269,,0.6013286427055997,0.6283384072526448,0.6823424769377129,0.5519497450622376,0.377103802187635,0.5237132639785385,0.2570135920515573,0.6461092992233687,0.5925577297560815,0.5626154066743716,0.5202160799149016,0.46924408860148864,0.482174697109679,0.43439691255059626,0.5555368209351302,0.4862656888178618,0.410592110483463,0.510011915884836,0.38747509352182335,0.5823746818206197,0.5978387491450139,0.6416948492609683,0.4270472031873505,0.67585485331996,0.17494944600641277,0.61353039843975,0.5703149983734779,0.6652851788901506,0.5047107161517449,0.4705797789288804,0.5192016457089534,0.36059628369151653,0.467812645892766,0.5709598443694825,0.3440681840893158,0.6426830380381862,0.6410800775900654,0.5463585276500214,0.478057648833379,0.2662222184275789,0.25808126407564164,0.412069533264194,0.5709143516148382,0.3884163497960424,0.6732400949915229,,0.3879884313693246,0.5749244338349971,0.5146684061788616,0.40057517435287526,0.6067764550120056,0.6546319395056885,0.6067905808268368,0.4932048646749224,0.5471303843795979,,0.5988517872373139,0.4772300691283126,0.5934118775774021,0.627139754116391,0.6058980658155957,0.6684892832420736,0.45189146047939577
石油加工、炼焦及核燃料加工业,0.6011979364510076,1.0,0.7571259675088043,0.8113485348714125,0.7242713240458132,,0.8287063072542177,0.7056847939510623,0.5605359819636956,0.6744319878107768,0.6400209050686478,0.5931764017507398,0.7615599967000807,0.8061133517436764,0.8084894501185715,,0.6942490261398713,0.6949513028993923,0.7936185472947304,0.6331494961859669,0.5102299571183037,0.8752450209253465,0.3458722570713601,0.8264556140152256,0.6307432612075043,0.5714880087011734,0.7020068182658159,0.6140785278921415,0.4589802489405019,0.7079238219408239,0.6696681631085263,0.7345163716440749,0.5016765574564916,0.6434066574997425,0.6304425676313387,0.7105227782742566,0.720943524228378,0.6785074573611888,0.3963629874124134,0.8247130046559598,0.28872179288374855,0.8233815277349651,0.7005876162468446,0.7677326511761573,0.6075445606934239,0.5840322179938988,0.7763426569074748,0.4857937606792958,0.5820695094844599,0.6133130590743657,0.5511362858110335,0.7377392999896765,0.7365968043235035,0.7090761179868239,0.582789884614085,0.32540980540685893,0.3300725204993505,0.44511980129414264,0.7447155999562584,0.6014268567669687,0.8112864419379353,,0.4472251168166177,0.7681810124686076,0.7154539244609393,0.541396236998407,0.805269652824017,0.8090448189749471,0.7178730925182881,0.6734755668888572,0.5865726901426298,,0.7528883673521506,0.5095723077413135,0.8094187043804216,0.7741891432386071,0.7445847221190596,0.7734855125138216,0.6036731276748785
非金属矿物制造业,0.5979818684268379,0.7571259675088043,1.0,0.7813870099830842,0.6437668940082121,,0.7708212411179882,0.6094429749210664,0.5047618458157177,0.6035454437554569,0.660159245789304,0.5263046120156263,0.6572323812782143,0.8205116732991098,0.7658341267890677,,0.6424008525884984,0.6316787282556454,0.7271015115835733,0.5845106793525902,0.4911671395442949,0.7964693934663702,0.2702668321422789,0.8273785260270914,0.6098328495366275,0.6343026057723479,0.6688963245634237,0.5218189002096727,0.4032693141704597,0.7004773188368794,0.6134569703258146,0.6727727838320499,0.5025555853709079,0.5759627750963041,0.6048570702962921,0.6811801242634372,0.6881881662272985,0.6471329151754707,0.36841547601657143,0.7986656848822483,0.2898312883748596,0.7440905539379478,0.627827641896674,0.8323154448248627,0.594456952137825,0.5105333976335336,0.6996847587698816,0.41208812037800996,0.5039327358545976,0.5937232903036245,0.5735916894830633,0.6928113937164371,0.6898878626422733,0.7082584038601595,0.6131558588669485,0.2692615816898261,0.34697885199499445,0.46254546265172325,0.767235072788947,0.5515225287789453,0.7959719974635856,,0.39520367803388623,0.7727625217540538,0.6833547662305668,0.5441145452488468,0.7462606083635481,0.7591882370899524,0.639767036248661,0.5729857072397229,0.4833086457774943,,0.6821272993434392,0.5287127810480352,0.7355903070959836,0.6962614742490761,0.6941587343700855,0.7496331007552344,0.6623995284093511
通用设备制造业,0.6433929245864629,0.8113485348714125,0.7813870099830842,1.0,0.7208621689393291,,0.8366152941415244,0.7019840474402119,0.5326336460982563,0.6842739780859105,0.7286274425125984,0.602998490776896,0.7225542456733933,0.8262340967799761,0.802487043460013,,0.7460245321852174,0.7582293722518996,0.8342327943817008,0.6917456185883383,0.5599724799218114,0.7880344734802823,0.32178046289210815,0.8484800056610484,0.7108318825322528,0.6185519666514449,0.7388752588297838,0.6127962209422908,0.47173511451918576,0.6825342390036494,0.7239913395481562,0.7552404320247164,0.5384042502457091,0.6569423707108114,0.6205716726446994,0.7588242304059184,0.7868248120452709,0.714844165934773,0.4076387123851646,0.8443564732143933,0.3118862752996408,0.7812220575038394,0.7237925549810926,0.8405447273400092,0.7071463681748167,0.5707190658137872,0.7453785582227388,0.5201510614109167,0.5804027350988852,0.6888408654700076,0.5636888107870405,0.8035683770394458,0.7764432758142793,0.7462118988650742,0.6200340162122844,0.2977934819556415,0.33178083067843855,0.49931295493483063,0.7377550562260535,0.5429387197461211,0.8568367029743648,,0.44140138179803445,0.8089091290312238,0.7473444035691132,0.5577191033920752,0.8223249729611032,0.8455222535387179,0.7621733101907021,0.6762909779543159,0.6210265797118983,,0.7604596868642933,0.5584270915294479,0.7988223111106662,0.8105340315145474,0.7887400477054185,0.8146047075329151,0.6418806389549842
农业,0.5128761368423476,0.7242713240458132,0.6437668940082121,0.7208621689393291,1.0,,0.7506557836484554,0.6467715998665339,0.49216027156605024,0.6139601467523583,0.6527274504688103,0.5559258047204038,0.6093706879263976,0.7066916247851898,0.6935379224831859,,0.6855988215007474,0.6497601542418255,0.7107329326914784,0.6508659321816781,0.46724279514734657,0.646774078906025,0.22648417996909187,0.7136607280110153,0.6284150302988355,0.5683516667979504,0.6643415576481372,0.8342776199110621,0.4417312565909628,0.5786365562510225,0.5834748610294903,0.6551735033627951,0.4983412236306312,0.5901092634136326,0.47404868929482147,0.6656828628103297,0.6986245714424192,0.6708684312227462,0.3062668301157351,0.7192188749101874,0.2489185508096978,0.7323827283816563,0.6372531174463963,0.7326603193224226,0.6090999888634767,0.48652511718971175,0.6271072968893248,0.42116229925728804,0.5181300861000884,0.6291696922220051,0.43813845036838556,0.6741151449114836,0.7165290506395648,0.5199886729409813,0.5117602918140651,0.421333808720481,0.283993658284145,0.4211445574487252,0.5768988973204133,0.49448604723338235,0.7423663707739332,,0.454067746022366,0.6962312553548207,0.6172037972310946,0.4326296506743466,0.7130571918006694,0.7426561423985956,0.6454022524911751,0.4870445348098704,0.5671633513588398,,0.6687977482131278,0.5434162455653468,0.7068877411113748,0.6657007953730208,0.6914561274784902,0.724881081122071,0.5014303751564582
建筑安装业,,,,,,,,,,,,,,,,,,,,,,,,,,,,,,,,,,,,,,,,,,,,,,,,,,,,,,,,,,,,,,,,,,,,,,,,,,,,,,,
金属制品业,0.6533059755174945,0.8287063072542177,0.7708212411179882,0.8366152941415244,0.7506557836484554,,1.0,0.722671699610359,0.5671522719581754,0.6523246961234415,0.7005644126187096,0.5768867970046381,0.6942825794341821,0.8202148055908093,0.7985346792155692,,0.7468327322829876,0.7679185031751712,0.8291623143175018,0.6799246016124428,0.5320379971469378,0.8209301399642381,0.3273160558663777,0.8199029459422796,0.6718750625951385,0.6215859263551883,0.7430045922804799,0.6391497646636445,0.5112490134264805,0.7001073363918722,0.6978226725134744,0.7358079740291513,0.5737844259171409,0.6441126046622198,0.6114671486421952,0.7446087129177803,0.7825801137145831,0.7266082261807135,0.35875260264553827,0.8548989219395141,0.3379016361987747,0.8032876212693989,0.7125613355703273,0.815052546763458,0.6948797720997903,0.5665778293014795,0.7386517039777447,0.45907191130493513,0.5350843786610976,0.6374148034539588,0.5846652335146473,0.79966574392631,0.7709776909247195,0.7008338221309539,0.6089764421469606,0.36142959909118544,0.3016637832770366,0.49095305989192345,0.7137139662331902,0.5777035944215074,0.8385238131686639,,0.49141085208738544,0.7914778194403677,0.7038008019090427,0.5746850623271264,0.7860983032336282,0.8269797110838422,0.7327741684691332,0.6614139808531659,0.600024604870716,,0.7660838149914787,0.5869012821836002,0.8031964636882771,0.7863825365648422,0.7921238027088957,0.7971358095277001,0.6300488161604618
邮政业,0.533795562967944,0.7056847939510623,0.6094429749210664,0.7019840474402119,0.6467715998665339,,0.722671699610359,1.0,0.47248292667854347,0.6173303082153413,0.6436775948626394,0.5827691258065558,0.6599176925942151,0.6884243026615914,0.6708151641234891,,0.7269019791609607,0.6461133578970182,0.7411663263214907,0.5872881317994902,0.513530401002536,0.6556387506795776,0.229905800956736,0.7242634908703516,0.6525677443739477,0.5405295025100183,0.6406040767920504,0.565408762012922,0.3937690460766224,0.556126969567457,0.6545542606350294,0.6238048465243878,0.4907599783776713,0.5563569204701196,0.5176392276172738,0.6415272900527001,0.705210362074115,0.6645101209180253,0.35801841518666844,0.7599264696821078,0.23667385506332556,0.7217448104708102,0.6293989492984501,0.6923692962092285,0.6722882114321742,0.47674799955117647,0.6408387510548907,0.5159232751756407,0.5252663362089798,0.632707503819722,0.4491349711317321,0.7421471463828415,0.6612252161875287,0.5580010962391477,0.5460167318193027,0.25833095637407044,0.3195782549808575,0.37382998369919795,0.5972289899795415,0.48769318141516316,0.760159627079177,,0.4205412308106218,0.6789983816661701,0.614649847637058,0.45911770435796007,0.7044500626782798,0.7285122387671559,0.6855958079754834,0.518193701115998,0.5639835745990399,,0.6931909204258271,0.5771720676130911,0.7588565105760893,0.717680722752286,0.6993921422958627,0.7042079873102869,0.5186183686826423
其他制造业,0.44672714113773065,0.5605359819636956,0.5047618458157177,0.5326336460982563,0.49216027156605024,,0.5671522719581754,0.47248292667854347,1.0,0.4131224024988471,0.4831439273390625,0.48176402912968774,0.5456318426779462,0.5130465101439903,0.5755472819763597,,0.506526405259509,0.5279350673088681,0.5954615935572398,0.5121221068656681,0.31815731330539554,0.5358733112294717,0.19752384672511453,0.5808881371968648,0.49401761222600543,0.39132743080766424,0.48933422778262187,0.45090255031594934,0.3187117632311663,0.47211824864127294,0.48432797783558573,0.4502241655582786,0.3901045084748024,0.4639344942503757,0.47084958519144043,0.5393588838193474,0.5661973864585709,0.5261069801494415,0.2823537641458152,0.602759165493586,0.23716199820510245,0.5881493335695158,0.5005394378485344,0.5567917844948078,0.49578721871083425,0.40320705943372426,0.6088860103698953,0.3860511375623435,0.3907480017916782,0.4534557156087774,0.3650645498660841,0.5604548477392076,0.5196601651848386,0.45915648292266387,0.3948906486118352,0.22824681222447252,0.3022546932304538,0.295176953335925,0.4799527721861136,0.6584116205652476,0.593458913639901,,0.3506004091290946,0.5256990879149324,0.5568316685733561,0.3633480153212618,0.5506953068307686,0.5536359580521467,0.48769033138627194,0.46228713867486204,0.4421144555338287,,0.519573341089742,0.36341343835588624,0.5472947014296181,0.5593135929070627,0.5589054239113044,0.5669729391344467,0.4137289951018225
燃气生产和供应业,0.49501167633294596,0.6744319878107768,0.6035454437554569,0.6842739780859105,0.6139601467523583,,0.6523246961234415,0.6173303082153413,0.4131224024988471,1.0,0.6229554169632302,0.5592330826893787,0.5685083784269188,0.6665972423327726,0.6368050307980089,,0.6674165284616517,0.6370212673018764,0.6977148523833147,0.5885118620764239,0.42690708206062183,0.6123972396926443,0.26480260568676783,0.6923192659987216,0.5876009908889677,0.5232236598728486,0.6429835102525924,0.5379854270587122,0.429336430690335,0.5452022939148649,0.6523695933267466,0.5988860240955048,0.45049243879356027,0.5353073230481707,0.4754498470647964,0.6458083025495646,0.6555524325321237,0.6120879409021481,0.3392588747872056,0.7467209615612782,0.20101822356400795,0.6575684075247177,0.61919713078139,0.6597572233141411,0.5832857207481096,0.504937141914445,0.5774664558443594,0.45069129579493517,0.48048508924452993,0.5918058636596369,0.34553776537092556,0.7053202649416744,0.6437577238174552,0.5531675781798971,0.5181322101849611,0.22760364504149783,0.35269943607554455,0.3909415591647167,0.5810999985678622,0.41860801885279425,0.7094142104054453,,0.39482695520830874,0.6345787364641071,0.6202793412460398,0.4703592123244335,0.6780260548025588,0.6969033664888807,0.6400814431450826,0.6010669517028213,0.4793915254667001,,0.643224143423716,0.5265127239898622,0.6560783988928497,0.7109333534054028,0.6774287622275099,0.7213469931269211,0.4684245139569459
生态保护和环境治理业,0.5977346432044166,0.6400209050686478,0.660159245789304,0.7286274425125984,0.6527274504688103,,0.7005644126187096,0.6436775948626394,0.4831439273390625,0.6229554169632302,1.0,0.5262560462141894,0.5586488263449406,0.75798521829519,0.6048566446574961,,0.725831343836346,0.7718002792002614,0.8132522947095968,0.6396911792000283,0.5553182688839583,0.5999953365490277,0.25868394481996604,0.7109159031193969,0.72999201588113,0.7547460030642514,0.6556661006432388,0.550454484525587,0.4908717916224111,0.5357629263064607,0.6325210261341143,0.631817715767106,0.5439167838745079,0.5667143004327274,0.4492092070189067,0.672783230643408,0.7275234922796554,0.7249733758304027,0.4015852044077105,0.8145099831091999,0.2799172052531187,0.7127900282210596,0.6062142379158237,0.7759314269236486,0.6778985350674748,0.5171815149311983,0.5874413947176683,0.4315855637230732,0.5066709676968567,0.6719409280129381,0.3891334235757464,0.7147177085737714,0.7135243758539648,0.5549393129085145,0.4854730752306002,0.31826807247251265,0.32503589939981414,0.46246772649130025,0.5803759728862576,0.4183009040183565,0.7727617273869114,,0.5393788625610794,0.6271532392411507,0.6363877616513842,0.46228036459389893,0.7164243332044434,0.7747363179372759,0.6621309884353677,0.5378787064635058,0.5586695383878559,,0.6608553316613537,0.6925261526027386,0.7338664219093565,0.7249213890118058,0.7899112544023095,0.7372481443676965,0.5286964723705628
住宿业,0.44307359373517,0.5931764017507398,0.5263046120156263,0.602998490776896,0.5559258047204038,,0.5768867970046381,0.5827691258065558,0.48176402912968774,0.5592330826893787,0.5262560462141894,1.0,0.5505131443319925,0.6064010268615949,0.561953710144837,,0.6395601733532883,0.544962128070021,0.6344136771099763,0.5541095183761584,0.42774004938088,0.5480584871841896,0.2473269678606073,0.6202378923411334,0.5585475713152653,0.46584683687346845,0.5420646783076929,0.549396307860402,0.37221524763273794,0.4516629733119856,0.5524357494703104,0.5647913527906545,0.3538991875689177,0.531258417534378,0.42245287409929067,0.5700356522535209,0.6202106806361131,0.5492328508196054,0.2448332405027443,0.6357284434270676,0.24757157435750352,0.5815878869261676,0.6111201831845969,0.6095529684019079,0.5711357571923806,0.48313351812029165,0.49928435176470126,0.4172266035424567,0.48610872362277846,0.5739947236504287,0.36575378179115015,0.613769893553409,0.5973063094814991,0.46456205922901134,0.52919755541873,0.28538906838820954,0.33987932550169997,0.3450297369200048,0.5418695207366881,0.40561411663460145,0.6485272448380272,,0.39965596797077785,0.5529319847644354,0.5225360980234953,0.39461348978931504,0.5761063157843626,0.6175939241651728,0.5435537431793352,0.5068078955164615,0.5250728002668779,,0.5507926858928005,0.42160879381052685,0.5929203071550877,0.5818485185971253,0.6229650776198757,0.6200262945020857,0.4858194195026903
黑色金属矿采选业,0.47795458654785444,0.7615599967000807,0.6572323812782143,0.7225542456733933,0.6093706879263976,,0.6942825794341821,0.6599176925942151,0.5456318426779462,0.5685083784269188,0.5586488263449406,0.5505131443319925,1.0,0.6830241181158766,0.6938165986356856,,0.6148161897014547,0.5803908821030119,0.7195340484988123,0.5662679877834199,0.4605866127438387,0.7199573967991129,0.31389965814518983,0.7590077984106404,0.5717757383941067,0.4544022198918565,0.5996742516555313,0.544015115896746,0.3812414694160839,0.5879673900483138,0.6780994627162777,0.650215169525675,0.42177930585729717,0.5626851913600898,0.5706442441465339,0.6756513583492503,0.6204430440999034,0.5403916586508661,0.3221884934168925,0.707866992669824,0.21067570251620232,0.6912927490386495,0.5833907422127957,0.6765274216694862,0.5863375825692715,0.549712001943284,0.778089462456173,0.40608550523893444,0.48811561216537375,0.49156908172759906,0.49051045610507765,0.6803178163359546,0.6351897336966685,0.5910470568287993,0.534895635407799,0.24337936927100465,0.24805723505678187,0.41333089989205246,0.6644184908537044,0.6379569578075084,0.729122910040261,,0.4571579244652166,0.6783005096262267,0.6408968751486924,0.445305567047445,0.7228235331942808,0.6817015300640669,0.6295438343526712,0.5722256813108216,0.5058861499918953,,0.6812622415724437,0.3611939094243854,0.7154522760158469,0.6588077759079869,0.6880053447542874,0.665117559207042,0.5254104655950934
专用设备制造业,0.6601191352964793,0.8061133517436764,0.8205116732991098,0.8262340967799761,0.7066916247851898,,0.8202148055908093,0.6884243026615914,0.5130465101439903,0.6665972423327726,0.75798521829519,0.6064010268615949,0.6830241181158766,1.0,0.7854257599964114,,0.7531108346750063,0.7483343099744411,0.8358404736945012,0.6644748763509529,0.5767867895615747,0.7873836449264897,0.36298259752371465,0.8640201096485373,0.663892272925445,0.6749047341494566,0.7174954887859321,0.5909047481707916,0.48755117027184086,0.6916071904844177,0.677850876366992,0.7589801028261594,0.546298230339491,0.6677864951085168,0.6334361749573191,0.7648978927867988,0.7762379619224884,0.7109099721227429,0.38066961747584077,0.8420781489185352,0.2896281969430472,0.7930218738075979,0.7267968512671367,0.8626393146621416,0.7141568096428715,0.5905344051259792,0.6772203876184127,0.47887296782210287,0.6056908057206207,0.6627588622701356,0.5802921707916175,0.7772853196828405,0.7628987601183644,0.7147767196816075,0.6382447562205814,0.3290424994441206,0.35471305938208453,0.5062163909314091,0.7581346473529283,0.4879560704026625,0.8604828845748211,,0.5009952243750856,0.7705575524426561,0.734783754926796,0.6137811069563276,0.7804141474633031,0.8166998127673357,0.7330512571481298,0.666439941827384,0.5842114332482926,,0.743357768855666,0.6217165685207178,0.8104572497948965,0.7842000777723694,0.8084104758942048,0.7872606463125311,0.6387018090113534
黑色金属加工,0.5495103742472269,0.8084894501185715,0.7658341267890677,0.802487043460013,0.6935379224831859,,0.7985346792155692,0.6708151641234891,0.5755472819763597,0.6368050307980089,0.6048566446574961,0.561953710144837,0.6938165986356856,0.7854257599964114,1.0,,0.6585999410365311,0.6765060097391777,0.7386739304814032,0.6131113267681119,0.4751135800134408,0.8237572703164592,0.339554442610282,0.8356581978909059,0.618146519489518,0.5540047662378633,0.7165304473524372,0.5448890087335649,0.4338695848454492,0.7426550174284249,0.6204975544070406,0.6896833883404974,0.516499422253495,0.6178078229374829,0.7109038370730136,0.7113427495725851,0.7041878975451362,0.609251681445946,0.40913130465801256,0.7878983043065071,0.2869445490954256,0.7783674701994973,0.6562260879504175,0.7822656709326744,0.613584355207439,0.46294784037371295,0.7379883688288441,0.4558354704605,0.5323963837511787,0.557307191362289,0.6284539434186116,0.7131151163718212,0.7021280212132632,0.7141929299811229,0.5830238476056437,0.2581823765788929,0.3299141339313959,0.40867501624913855,0.70272605325395,0.5675819896877881,0.7817777609034415,,0.451711780212459,0.8157547353487703,0.7124805464135779,0.5245533519393771,0.7610401551911296,0.7961980368756035,0.6585366271020031,0.6474953991433517,0.49971836319852975,,0.6864847491163537,0.48137143184201076,0.7738882799908715,0.7072700865501562,0.7150243307854904,0.7186870538844392,0.6456777202816554
机动车、电子产品和日用品服务业,,,,,,,,,,,,,,,,,,,,,,,,,,,,,,,,,,,,,,,,,,,,,,,,,,,,,,,,,,,,,,,,,,,,,,,,,,,,,,,
公共设施管理业,0.6013286427055997,0.6942490261398713,0.6424008525884984,0.7460245321852174,0.6855988215007474,,0.7468327322829876,0.7269019791609607,0.506526405259509,0.6674165284616517,0.725831343836346,0.6395601733532883,0.6148161897014547,0.7531108346750063,0.6585999410365311,,1.0,0.7473702694722076,0.8101182573121193,0.6820478184098242,0.5621396593235265,0.6210452658973487,0.2638328932549794,0.7376046916055866,0.6943370396135256,0.6428442538424266,0.6833162343921485,0.6129293003411977,0.43609150027531146,0.5490320122614522,0.665290022905357,0.6675057025644718,0.5474933740897333,0.6727859002326115,0.4478259379365693,0.6817279550440891,0.7959155375137891,0.7420201853315544,0.3459885776094133,0.7958249764911896,0.28507638459083007,0.7409725943424765,0.6384633837480711,0.7841331236407096,0.7076177867802137,0.5630690686532503,0.6154884278941176,0.4099686277171176,0.568111848526898,0.7351895683799338,0.41381385466581616,0.7761087528591194,0.7531188752991186,0.5748220609525057,0.5396588417969249,0.23271879774498708,0.3694380673067505,0.4835825007106288,0.6291150918245645,0.4793209193016066,0.8005634553273133,,0.4478186414799232,0.6687198780847972,0.6375894491541124,0.5164613650241013,0.7421104740760817,0.7560464839001833,0.7371874624544231,0.5976165331062412,0.6154713631126083,,0.7034941976813845,0.6753522813103143,0.7554784390673351,0.7462700482002723,0.7895857978746469,0.758147463027038,0.5407848888538174
卫生业,0.6283384072526448,0.6949513028993923,0.6316787282556454,0.7582293722518996,0.6497601542418255,,0.7679185031751712,0.6461133578970182,0.5279350673088681,0.6370212673018764,0.7718002792002614,0.544962128070021,0.5803908821030119,0.7483343099744411,0.6765060097391777,,0.7473702694722076,1.0,0.8263289955691109,0.6940946005998352,0.5679966090669474,0.6100722303407243,0.26320455866250064,0.7239280346884156,0.721954465556087,0.6580430562436188,0.6855944089815692,0.6199396018635943,0.4888975575288244,0.5684546850233637,0.6831015827006371,0.6943956353515213,0.5692050811554138,0.5315561700309738,0.4702896463861685,0.7464499071317704,0.7462041853402699,0.7578086743729427,0.3812436346364291,0.8316461011456873,0.2820212686869219,0.7462549415060327,0.6713959758182027,0.7605186017877396,0.6942284112257298,0.5926302694233706,0.5857910072364213,0.4594672280396735,0.5438549821757065,0.6952540676456972,0.4083967960671917,0.7640890205797722,0.7305754110176785,0.5809030696697852,0.4979266928073526,0.31014716145131993,0.3287464422426263,0.4735135239347217,0.6004327436616419,0.46716777080309047,0.7754753397068073,,0.48072539164087774,0.6693384128724463,0.6307044404652125,0.5105248083665936,0.7068233427081299,0.7413784855072607,0.708529442079845,0.6067713401329391,0.5757920424558867,,0.7030578564374181,0.6976067447195626,0.7290700698447192,0.7861694187926267,0.7992814035977093,0.7695025580749152,0.5524636318303355
计算机、通信和其他电子设备制造业,0.6823424769377129,0.7936185472947304,0.7271015115835733,0.8342327943817008,0.7107329326914784,,0.8291623143175018,0.7411663263214907,0.5954615935572398,0.6977148523833147,0.8132522947095968,0.6344136771099763,0.7195340484988123,0.8358404736945012,0.7386739304814032,,0.8101182573121193,0.8263289955691109,1.0,0.7484508218837975,0.6039446644244878,0.7300920464436458,0.33532792496469954,0.8224246307650326,0.7648967386676992,0.6902950974853416,0.72887337193822,0.6069184343305185,0.5132573324813194,0.614685789356213,0.7548095254052589,0.753547643919721,0.5618264268171916,0.6887802225405217,0.5510698617917048,0.7860574361520705,0.82221471097292,0.7766055781733723,0.44086207953973283,0.9121153639699502,0.29581982012573366,0.8233568196124048,0.7577447717482175,0.8495076110413591,0.753502730251605,0.6805135335237854,0.7403457581529398,0.5065937469033397,0.6181673974439523,0.7110673135418374,0.45435068554079255,0.823047354030281,0.7970631671550659,0.6678398588310431,0.5824332937803106,0.3136891309956637,0.38659687275543814,0.5582540512054981,0.7025729079764648,0.5713324905455975,0.8824796292173821,,0.5110188627257742,0.7586962439349458,0.732724524120642,0.546030723121732,0.8207027509603505,0.8191796196011173,0.785497413028975,0.6791570705940774,0.6792782805929024,,0.8042793252844954,0.6805251304801501,0.8417158227476973,0.8675223700508314,0.876412567542172,0.8363135134662036,0.6073391681809412
畜牧业,0.5519497450622376,0.6331494961859669,0.5845106793525902,0.6917456185883383,0.6508659321816781,,0.6799246016124428,0.5872881317994902,0.5121221068656681,0.5885118620764239,0.6396911792000283,0.5541095183761584,0.5662679877834199,0.6644748763509529,0.6131113267681119,,0.6820478184098242,0.6940946005998352,0.7484508218837975,1.0,0.45269609790781895,0.5775882552610404,0.274597067798931,0.6655237403180254,0.6482236502279191,0.5243693306530222,0.5949874894159161,0.553564287036081,0.42676702516486603,0.5027848283647933,0.6140672731354968,0.5997286162698205,0.4445464929941284,0.5768934710254288,0.427738788034665,0.6354867522788997,0.6979869784117416,0.6172254037520407,0.3151628022718021,0.7396730584379697,0.2791088762315165,0.648527890443753,0.6003193721143603,0.6829951192094802,0.6539350721962054,0.5079385555688585,0.5918124547972025,0.4134437776972059,0.5011711088239266,0.5877017477598435,0.3844228270422261,0.7176358009530451,0.7041343814702246,0.5428743283091025,0.46630925878495283,0.2781703952176931,0.33089250703962647,0.4492389476630285,0.5313050086214092,0.4766548208578945,0.6963342624953526,,0.4459215397355233,0.6044687548368853,0.6100224409390494,0.4438239504936104,0.6550277969428836,0.702986546515303,0.6620868908353976,0.5421902312591604,0.6106886184532199,,0.6399937912204477,0.5679646540032776,0.6719488761285253,0.6547744440180525,0.7113321635942133,0.6794486978212882,0.4746716651258113
餐饮业,0.377103802187635,0.5102299571183037,0.4911671395442949,0.5599724799218114,0.46724279514734657,,0.5320379971469378,0.513530401002536,0.31815731330539554,0.42690708206062183,0.5553182688839583,0.42774004938088,0.4605866127438387,0.5767867895615747,0.4751135800134408,,0.5621396593235265,0.5679966090669474,0.6039446644244878,0.45269609790781895,1.0,0.5149464653130803,0.22550436050073414,0.5489533900638255,0.47940484467352373,0.4623684758919578,0.5099413239214133,0.41034680893916725,0.3149457176186699,0.4301336427929621,0.5003108511634701,0.5175673331930812,0.4028936402282259,0.4152013736612077,0.4276042514766124,0.50895849406448,0.564212200597157,0.4755529007670657,0.28352576640846794,0.5844548957833104,0.2970707428029143,0.5494574250396023,0.466656376084122,0.532075290110739,0.4961565486091062,0.46227202397438366,0.4580823378562184,0.2788702939777117,0.39300278975184383,0.5590150003181643,0.36565739854727264,0.5275116514282426,0.5177734105329108,0.45008280333293293,0.4039448097938614,0.20405270557578573,0.1891013015036464,0.35356486710636037,0.47540331196644897,0.3724186101607412,0.5743171666166276,,0.3480962430587197,0.5163553148452196,0.4348519124449747,0.43520679221951003,0.5215986933953989,0.5352913044786399,0.521097318429056,0.4346323373317846,0.4456324326263897,,0.5093119560138112,0.5053643113384537,0.5894123690174828,0.6027018233752403,0.5788920963720257,0.5223437349286094,0.4388335008025963
煤炭开采和洗选业,0.5237132639785385,0.8752450209253465,0.7964693934663702,0.7880344734802823,0.646774078906025,,0.8209301399642381,0.6556387506795776,0.5358733112294717,0.6123972396926443,0.5999953365490277,0.5480584871841896,0.7199573967991129,0.7873836449264897,0.8237572703164592,,0.6210452658973487,0.6100722303407243,0.7300920464436458,0.5775882552610404,0.5149464653130803,1.0,0.31511185271342185,0.8079687428446354,0.5559247587449508,0.5510148081389253,0.6928624402747565,0.524374051376358,0.37681179509409446,0.765921519144509,0.5992261365683913,0.6982028133670326,0.5092460828707526,0.6053959355018066,0.7345133174747062,0.6678598656713506,0.6986123549821296,0.5836082356410559,0.3299618538509029,0.7675479549364769,0.33979788708053393,0.7648283444488352,0.632000873766883,0.7617498696612764,0.576799083612141,0.48623746240652327,0.7588591965849691,0.4374351157489319,0.5481303763186601,0.5562709902290109,0.6999283595485062,0.6744091601647567,0.6475636994214229,0.7713924709422539,0.5867606673858797,0.2798755047476425,0.28297522017943877,0.4147301776268401,0.7655322350102437,0.5996125965056691,0.7743837508156979,,0.4260761141072499,0.8021258183516046,0.7202556481391761,0.5843991750065648,0.781196415076987,0.7789299964718339,0.6516461425021541,0.6517161489081699,0.5450240605191082,,0.7026981504528573,0.4915170055824964,0.8085723121998304,0.7048815692103146,0.6928754107860602,0.7077951305500613,0.6611503135393278
研究和试验发展,0.2570135920515573,0.3458722570713601,0.2702668321422789,0.32178046289210815,0.22648417996909187,,0.3273160558663777,0.229905800956736,0.19752384672511453,0.26480260568676783,0.25868394481996604,0.2473269678606073,0.31389965814518983,0.36298259752371465,0.339554442610282,,0.2638328932549794,0.26320455866250064,0.33532792496469954,0.274597067798931,0.22550436050073414,0.31511185271342185,1.0,0.34806222750120225,0.25848082052715027,0.2297961128283909,0.2519264252234299,0.18179531285614847,0.18580067118444712,0.23814164426157416,0.3133365425290746,0.29166730552175385,0.11875608743390494,0.2505433273441874,0.25608472473260224,0.26056198319391227,0.27050199750310566,0.19299765185324372,0.21633989511216697,0.29251429346872027,0.0962995186402474,0.31170103620357564,0.2696197004319623,0.29224379366846076,0.2197488149312794,0.27991482557677777,0.29244907705263495,0.21754711851741684,0.2554605230671516,0.23713259090187847,0.2987523420633535,0.3290471476238167,0.3137103474729304,0.3338379741096442,0.20630189094957496,0.1048687908397422,0.09548950448182125,0.14102757630523816,0.27800128243397454,0.16155149108188302,0.3267515736831819,,0.21405504223067273,0.31682514971776266,0.27796680019044734,0.24646997050582845,0.27343989892604476,0.31430714633375934,0.26683476411524915,0.28766679330731987,0.22332838563283486,,0.27194306038646504,0.18383626027063762,0.3306100457743548,0.327542451708742,0.31947971854203006,0.29497708030259095,0.23821924428686087
道路运输业,0.6461092992233687,0.8264556140152256,0.8273785260270914,0.8484800056610484,0.7136607280110153,,0.8199029459422796,0.7242634908703516,0.5808881371968648,0.6923192659987216,0.7109159031193969,0.6202378923411334,0.7590077984106404,0.8640201096485373,0.8356581978909059,,0.7376046916055866,0.7239280346884156,0.8224246307650326,0.6655237403180254,0.5489533900638255,0.8079687428446354,0.34806222750120225,1.0,0.6850581271169985,0.6285115610503127,0.7645786324412748,0.5893562668679563,0.49269838526764564,0.7550886511421324,0.748609865313816,0.7557904651076818,0.5285752639041027,0.6720206284746585,0.6706605136012459,0.7419770560612083,0.7735948903392799,0.7042803670978965,0.41900761114482266,0.8635021331006255,0.2747396126022229,0.8181607699242704,0.7194906769401624,0.8635872304271043,0.6875807340194509,0.5847529373270776,0.7356174807063995,0.538929766506527,0.5471093047532211,0.6613255789604792,0.6118234239393524,0.7973097406741605,0.8077691290531287,0.7631584149110421,0.7117571752979801,0.25966849023979927,0.41211026866983064,0.4869036243172944,0.7730453887947665,0.5754472320356662,0.8740693271529941,,0.45885262101872065,0.8605480456926856,0.7624862200278779,0.5614461088988886,0.8196919432669759,0.8437181564722226,0.7646542441552593,0.6773349135097607,0.5881911966399131,,0.7777336409862349,0.5415467489413563,0.8062039096433965,0.7866295513595948,0.7807143443792472,0.8453786472678703,0.6758038733606796
仪器仪表制造业,0.5925577297560815,0.6307432612075043,0.6098328495366275,0.7108318825322528,0.6284150302988355,,0.6718750625951385,0.6525677443739477,0.49401761222600543,0.5876009908889677,0.72999201588113,0.5585475713152653,0.5717757383941067,0.663892272925445,0.618146519489518,,0.6943370396135256,0.721954465556087,0.7648967386676992,0.6482236502279191,0.47940484467352373,0.5559247587449508,0.25848082052715027,0.6850581271169985,1.0,0.5587683273906734,0.6540718464789044,0.5351341220559414,0.4477026132406718,0.48828220277373036,0.6764425956213921,0.6181711402563367,0.4899847397155372,0.5075101895944514,0.3889631382764561,0.672211980548465,0.7123141060339258,0.7040725430991044,0.36954623145027055,0.7711814003071149,0.25256125816227093,0.6747626988330547,0.6285463136283763,0.6985603423658332,0.665799402767955,0.5301999258183332,0.5389890462461117,0.4391719590157545,0.5342925290669309,0.581942371533644,0.39183825028244335,0.7687754221373958,0.717039901288169,0.5398246652067404,0.48434371447125607,0.2720092465279297,0.3089105922582337,0.460154547944277,0.5398567314132755,0.41737520015807694,0.7843820857242855,,0.34251441909780606,0.6429499863059694,0.5867660036826097,0.41626047381962167,0.6647580217125284,0.7670909212861754,0.7026730368946181,0.5276087958422397,0.6089754213463794,,0.7085011775620149,0.5736321873017228,0.6567973520550238,0.7730896807539283,0.7720525565917652,0.7302958803323838,0.4863697871451655
建筑装饰和其他安装业,0.5626154066743716,0.5714880087011734,0.6343026057723479,0.6185519666514449,0.5683516667979504,,0.6215859263551883,0.5405295025100183,0.39132743080766424,0.5232236598728486,0.7547460030642514,0.46584683687346845,0.4544022198918565,0.6749047341494566,0.5540047662378633,,0.6428442538424266,0.6580430562436188,0.6902950974853416,0.5243693306530222,0.4623684758919578,0.5510148081389253,0.2297961128283909,0.6285115610503127,0.5587683273906734,1.0,0.5619171626509816,0.4885051201262828,0.3790255612341305,0.5220414593776532,0.5151335893598414,0.5698692892582632,0.44823277077099494,0.46779724559691743,0.3950401807493455,0.5592290113893523,0.6213310763783472,0.6506150460650706,0.33157774063662626,0.7161479735455485,0.22096330087891494,0.6374250731419545,0.563365196023638,0.6937014317227876,0.5914076130102088,0.42653640246649055,0.5171123951709945,0.3494352636725152,0.4313581842431284,0.6298932065893402,0.3120273206914823,0.6293770835443503,0.6009091965388508,0.480381338986291,0.42961928753334966,0.26814663691521107,0.2931844206276763,0.3986325156080263,0.5618731386870985,0.3758422515441249,0.6793766320648761,,0.4158096598913404,0.5731545312381542,0.5435339400177793,0.4554079548177008,0.6016589473979808,0.5972675738755143,0.5648650401863784,0.48061664254262043,0.47199477323573263,,0.5529209393279831,0.6016328608293345,0.6257807167588108,0.6193908131520572,0.626476319302533,0.6418972564626858,0.5006431076481477
电力、热力生产和供应业,0.5202160799149016,0.7020068182658159,0.6688963245634237,0.7388752588297838,0.6643415576481372,,0.7430045922804799,0.6406040767920504,0.48933422778262187,0.6429835102525924,0.6556661006432388,0.5420646783076929,0.5996742516555313,0.7174954887859321,0.7165304473524372,,0.6833162343921485,0.6855944089815692,0.72887337193822,0.5949874894159161,0.5099413239214133,0.6928624402747565,0.2519264252234299,0.7645786324412748,0.6540718464789044,0.5619171626509816,1.0,0.5620279098956327,0.4160716464196238,0.6801514160535107,0.6266858793963502,0.6555059823763916,0.531115932889886,0.5705438726816366,0.5947781278456846,0.6849464594134619,0.7073843025850591,0.637143547425868,0.35401619510521964,0.7601272020667628,0.22366589553604982,0.7158833910700433,0.6105180800203307,0.7548675228426371,0.661736850110623,0.5338233992900691,0.6545957705469511,0.457637461875849,0.5036139522256242,0.6089990124239464,0.5811706195677742,0.7355629885807484,0.686719041583404,0.6518776579059049,0.5461960481642677,0.2755266226338558,0.32418717484532017,0.402796304739949,0.6608226024161807,0.4949464909737358,0.7543495296932976,,0.40527131940774636,0.7163574779427535,0.6548361320543057,0.5160619462031555,0.7090621482870377,0.7814069323467697,0.6649442489679804,0.6105008427527342,0.5511473401999716,,0.6967201252713083,0.6102937994416263,0.7038305855466878,0.7298492772435526,0.7106600649529506,0.7088823949684543,0.635442477894447
农、林、牧、渔服务业,0.46924408860148864,0.6140785278921415,0.5218189002096727,0.6127962209422908,0.8342776199110621,,0.6391497646636445,0.565408762012922,0.45090255031594934,0.5379854270587122,0.550454484525587,0.549396307860402,0.544015115896746,0.5909047481707916,0.5448890087335649,,0.6129293003411977,0.6199396018635943,0.6069184343305185,0.553564287036081,0.41034680893916725,0.524374051376358,0.18179531285614847,0.5893562668679563,0.5351341220559414,0.4885051201262828,0.5620279098956327,1.0,0.39026124621913166,0.44523860016725125,0.5205923737666074,0.5457454166960171,0.4060735886169658,0.44721381499742435,0.40154053300266246,0.5985324353557765,0.6004602037585051,0.5810765692771334,0.2580249099022941,0.6017969544664253,0.20476089863676736,0.5806993748696103,0.5351329682826885,0.6148331550751456,0.48893090288776503,0.45586103556731566,0.5138682548969302,0.36284703959515713,0.44796229699782386,0.5637835388771558,0.313553106857914,0.5792873327358602,0.604586382658644,0.41000460523418125,0.4374715296334493,0.28241686820800904,0.2118811002956626,0.3289786801060348,0.46095516551877425,0.4287486984166425,0.6341739046795211,,0.37179534008941784,0.5704904790665594,0.5513080693520723,0.32967427558857154,0.5884631935307907,0.6035642243245367,0.5654867272881434,0.4293353017023657,0.4634854964746453,,0.5701783338045726,0.45373262957634647,0.582593700004994,0.5902935369723216,0.6076008133854003,0.6488419231520436,0.35319549286562063
林业,0.482174697109679,0.4589802489405019,0.4032693141704597,0.47173511451918576,0.4417312565909628,,0.5112490134264805,0.3937690460766224,0.3187117632311663,0.429336430690335,0.4908717916224111,0.37221524763273794,0.3812414694160839,0.48755117027184086,0.4338695848454492,,0.43609150027531146,0.4888975575288244,0.5132573324813194,0.42676702516486603,0.3149457176186699,0.37681179509409446,0.18580067118444712,0.49269838526764564,0.4477026132406718,0.3790255612341305,0.4160716464196238,0.39026124621913166,1.0,0.34789137021469985,0.44315769418013434,0.4253399193285419,0.3187324193532801,0.40841700132964465,0.34453006439499273,0.4648359506396234,0.4668305512562492,0.40716603435426674,0.30366774805035346,0.5208107878378316,0.07538537189321137,0.46699948813167,0.48151323793716183,0.4933846186130285,0.4133778569242672,0.37706981392852573,0.4014991008040717,0.32086675579600027,0.2849646870855015,0.3488366954666745,0.23410404496799467,0.5047328143948581,0.576009092174492,0.40173886091114036,0.33268344000463823,0.38137606219203024,0.3051689566180054,0.2974452403953038,0.3325231786006654,0.27812414482005055,0.46926634293152225,,0.37763284799073116,0.4046444137681174,0.31573849882601174,0.3641386497360997,0.47120748082708497,0.5096094372482581,0.4893090601266023,0.3787075386954637,0.33838072663657554,,0.4621383489881642,0.34970288576946473,0.4469721019570452,0.5243932249888078,0.5223827003992517,0.5472194546278769,0.32484026398877736
