,家具制造业,石油加工、炼焦及核燃料加工业,非金属矿物制造业,通用设备制造业,农业,建筑安装业,金属制品业,邮政业,其他制造业,燃气生产和供应业,生态保护和环境治理业,住宿业,黑色金属矿采选业,专用设备制造业,黑色金属加工,机动车、电子产品和日用品服务业,公共设施管理业,卫生业,计算机、通信和其他电子设备制造业,畜牧业,餐饮业,煤炭开采和洗选业,研究和试验发展,道路运输业,仪器仪表制造业,建筑装饰和其他安装业,电力、热力生产和供应业,农、林、牧、渔服务业,林业,航空运输业,专业技术服务业,仓储业,农副食品加工业,铁路、船舶、航空航天和其他运输模式设备制造业,石油和天然气开采业,电信、广播电视和卫星传输服务,零售业,文化艺术业,房屋建筑业,电气机械及器材制造业,酒、饮料和精制茶制造业,化学原料及化学制品制造业,教育业,土木工程建筑业,纺织服装、服饰业,文教、工美、体育和娱乐用品制造业,有色金属加工,装卸搬运及其他运输代理,食品制造业,商务服务业,货币金融服务,纺织业,木材加工及木、竹、藤、棕、草制品业,铁路运输业,租赁业,皮革、毛皮、羽毛及其,科技推广和应用服务业,广播、电视、电影和影视录音制作业,资本市场服务,有色金属矿采选业,橡胶和塑料制造业,非金属矿采选业,废弃资源综合利用业,水上运输业,汽车制造业,开采辅助活动,综合,水的生产和供应业,印刷和记录媒介复制业,化学纤维制造业,渔业,体育业,新闻和出版业,医药制造业,批发业,互联网和相关服务,软件和信息技术服务业,造纸及纸制品业,其他金融业
家具制造业,1.0,0.5278561060284283,0.47453775520823166,0.6005169295113859,0.41066556237478735,,0.522364862643261,0.43786454959537596,0.3892732949702055,0.45567288610901785,0.4918328402654321,0.4895812572301544,0.401719753356435,0.47240100096400106,0.4642461479769554,,0.5629975017360468,0.3560176927803443,0.5419131793871577,0.40147350039268814,0.39375074583750236,0.39204445197946985,0.3349458399103948,0.45916544043128305,0.48953143387121806,0.42739429763234116,0.5184125634887696,0.3747737717301939,0.4282347003707825,0.34410144367435075,0.5542976785461021,0.462295887767346,0.24066912130809817,0.3978322722014629,0.3017411962813337,0.32990097037158883,0.5873341263394497,0.30027674805583343,0.2680679477753956,0.6291546825628296,0.06523136302235537,0.43189235513748303,0.290913199937756,0.5420919013742875,0.5120386652907449,0.21030263666521093,0.39752893918365756,0.3459905349897096,0.49343150677612946,0.47899176605957056,0.3985155730130519,0.5829324663518246,0.5849764846540051,0.33929338904222395,0.3100649025171743,0.4102770009005386,0.1985529018606063,0.23172239052683535,0.3917768570817989,0.27633652949577786,0.5200488276508276,,0.3892521812435821,0.3266753681990238,0.4138281699161708,0.3838793834160802,0.3475442945903,0.448045858520455,0.3927803444139482,0.5111894213505945,0.4700945695803181,,0.40720967742234193,0.3987394637005052,0.44344423848557185,0.39608918063606735,0.5391219778784366,0.11181584461199863,0.36269453377380034
石油加工、炼焦及核燃料加工业,0.5278561060284283,1.0,0.6240274984714074,0.6778911218584863,0.45870082570381676,,0.624886806652063,0.46885500275908804,0.42193929067943087,0.5732453438060279,0.5072998329776779,0.5007064848656774,0.5982472554418715,0.47853978479513004,0.6973922062173709,,0.6042345513537424,0.3133987314774526,0.4954692748833603,0.4738318734574572,0.39278888698050024,0.6898485094244493,0.36835858165296115,0.560347499573559,0.48886175310013996,0.5177772029039631,0.6627531645581425,0.39873506823611005,0.3960932068776917,0.5177273731381629,0.5599248422026655,0.5421757353156764,0.2267728668898511,0.4998635352678806,0.4964595565928995,0.2954684253133558,0.5709632130115506,0.3351461527182556,0.3246035225965072,0.665034141286967,0.15871844014848682,0.5104242050643699,0.38157754310014025,0.7102361878185736,0.6768897133804911,0.2487483717772571,0.6222967107232846,0.5222239374799996,0.43586615526569134,0.4246469430195726,0.500259535955143,0.6365875021420823,0.6335002887901006,0.42382719737544655,0.3977933423283218,0.47064201120135496,0.2499091672091699,0.20680746722224233,0.5321999113473324,0.476194358012387,0.5257207503206995,,0.44631190324685616,0.49634391655846544,0.5539492813161729,0.5150187350377288,0.4816460958256795,0.5408022887525654,0.5065460573633797,0.6728030987004501,0.4737982522258059,,0.46574073747394784,0.3133687750308188,0.5240282977953729,0.3826155077158092,0.5452451223942626,0.04219027845157572,0.48470823328999174
非金属矿物制造业,0.47453775520823166,0.6240274984714074,1.0,0.6240624401931207,0.40659755994298746,,0.6465763079818041,0.4836121874491423,0.3665055998765311,0.4555020333734032,0.4404568654942089,0.4789739024687035,0.6423845731035205,0.4685459182519687,0.7718827765166687,,0.5739264220770592,0.309008251598589,0.42810800369585583,0.3963724371638599,0.2848054696684324,0.7083555765553946,0.31793871561419884,0.5821403601482583,0.39073581897052095,0.6191968308446161,0.6800568747686517,0.38521486673103783,0.35319776877256764,0.5209960326596534,0.500585896499965,0.4755073840179905,0.22811136416493744,0.4551489170161207,0.5351814984295412,0.22698445987861499,0.5269311095395358,0.22267624081592136,0.4298436395788037,0.5968125545215311,0.10949971143208384,0.529286254503401,0.30586038695510304,0.6722647914784833,0.618285456699054,0.2158971290734206,0.6503280456387962,0.47749738204311115,0.407446414018264,0.39885333894772995,0.6591040481439571,0.6396404419775457,0.6195936257770648,0.4875482367639985,0.43017856527686676,0.4592100823746311,0.18992733957629923,0.15988081815340816,0.6991236323144575,0.5173027273779607,0.5444347240303135,,0.44541202728439083,0.45682275916182896,0.567325605227679,0.4711963622703165,0.5157901014723589,0.4929175750730756,0.4213953256642138,0.645711835426035,0.44271548077150524,,0.393383712676571,0.3228411287358842,0.45630153732646644,0.27251483754523065,0.4412732636596167,0.11494802471261957,0.669360972667419
通用设备制造业,0.6005169295113859,0.6778911218584863,0.6240624401931207,1.0,0.5549783756603476,,0.7405126168557737,0.6471452031950369,0.45329613414581044,0.6983744716582662,0.7357722681687251,0.6364052873384934,0.6185160580331747,0.7181345701481886,0.665712572486615,,0.7401059744812526,0.5894638754750136,0.7794367019128764,0.5763803871115104,0.5068953323914871,0.5143455976257855,0.4966695765566099,0.6128447770970629,0.712093180982914,0.5520413785918817,0.7170895319756874,0.5837657409824996,0.629280882523325,0.5369023282377653,0.8079109254406727,0.6740769279994399,0.38781209752933354,0.649982319821392,0.40915401245368727,0.46936001154950363,0.7097494120024442,0.4835659162708571,0.4373398720819869,0.8224640002532416,0.12616505670885006,0.649780323622804,0.38678172814263184,0.7905721892009427,0.7522782509395416,0.3776779552742003,0.5923777090500927,0.5107066531488595,0.6191807366240162,0.647266821079082,0.46038598553836463,0.79107480596116,0.758779571590365,0.47909838249643444,0.4451124953120571,0.6402895076223019,0.30683513106730653,0.42046281435216576,0.5582499291104307,0.380774109046005,0.7747153700514412,,0.6013347523211537,0.48793484577864393,0.6327540666462054,0.5443353615574991,0.6448716981987684,0.7113311106819484,0.6048569624673084,0.7509906291700786,0.5367598603821169,,0.7021498182186651,0.5453795059226709,0.5737372515670425,0.6502175899390132,0.8067532172480557,0.17972409825631191,0.45774852603522775
农业,0.41066556237478735,0.45870082570381676,0.40659755994298746,0.5549783756603476,1.0,,0.4578481800111543,0.320508136700476,0.25974856912053074,0.4224404510744207,0.47913394479584626,0.4016055261058872,0.3174106003738503,0.3650052983925503,0.41054376895024214,,0.48488304494775475,0.34994304041141217,0.4588116530121397,0.648688268878933,0.400364085834635,0.3575057378458868,0.303071469896548,0.4420749049309018,0.4773625651120202,0.41518539746858585,0.4678552612407945,0.636223921812579,0.4768997864474268,0.37605491664485613,0.4210421784186185,0.41000105556449545,0.2418578072972997,0.3606749591093664,0.244776351067827,0.351168444159709,0.5536338688921043,0.3822139978331119,0.2062272741185669,0.5348963584037908,0.03689781886864622,0.37106974413046473,0.3616069002173222,0.5074089428300466,0.5148432619000767,0.2520297417739474,0.35822672501298136,0.43435922039551145,0.36808405984340103,0.35456143887301417,0.28552188228539793,0.4962503706008173,0.5876576365128398,0.3498740507733048,0.30118051944912705,0.42141699350160405,0.14471599378122016,0.28790074778357505,0.3255428905462768,0.21094742251362825,0.4269120050216634,,0.3590640086607302,0.4474360774267727,0.3878232826824027,0.3791305026693188,0.40030125992687265,0.4476086670697526,0.43468691218176814,0.48214779768088356,0.4863537930567149,,0.4717925582516346,0.241610540188148,0.44430927238515394,0.4535472151537965,0.49929188269234986,0.08405016888706983,0.28930112685335224
建筑安装业,,,,,,,,,,,,,,,,,,,,,,,,,,,,,,,,,,,,,,,,,,,,,,,,,,,,,,,,,,,,,,,,,,,,,,,,,,,,,,,
金属制品业,0.522364862643261,0.624886806652063,0.6465763079818041,0.7405126168557737,0.4578481800111543,,1.0,0.559878613479206,0.416716872493277,0.5894598780400202,0.5217984322280896,0.5883791905330896,0.6873445189597365,0.47798018755928723,0.6982432878955134,,0.6329039055115762,0.3845993154817152,0.5664342885968033,0.4340768395003231,0.4227425441699101,0.5824413126784549,0.33520520972799145,0.6283481724558555,0.5532484166688053,0.5202416176017486,0.680013930552774,0.4886351109026264,0.44339206949426635,0.5554782135277114,0.6172197688021698,0.5837002419138339,0.28648283728319335,0.610883628916785,0.5212084864019374,0.3617096901432628,0.6085755173997016,0.425385089541526,0.4607178042478012,0.6984238425637168,0.1445993393043795,0.5706524571719581,0.3660893616486417,0.6941733151852503,0.682455988922625,0.2484513926536155,0.6440233730463268,0.4809326176112455,0.45228046263932115,0.5277851544470752,0.5656497251253594,0.7344921597207265,0.6505328768110233,0.44956470129492665,0.4254079825977502,0.5090198577897382,0.23854867456683718,0.32561286255220967,0.6400439883075166,0.46467463928626207,0.6522986892284458,,0.4913674051046673,0.5847170202333815,0.5785234603030118,0.4376844610761399,0.5880825457372885,0.6190194290200447,0.528653270431609,0.6525667689005075,0.43422497408711624,,0.5462407908541883,0.36954416265538936,0.5511595408711437,0.46834743577829047,0.6075096665474328,0.10894669583606517,0.5963496446404195
邮政业,0.43786454959537596,0.46885500275908804,0.4836121874491423,0.6471452031950369,0.320508136700476,,0.559878613479206,1.0,0.31607659588570225,0.4622692388432853,0.47466456449676325,0.49233127546628175,0.4755926260108331,0.44597215904416676,0.5081084936996229,,0.5175978952857426,0.3703697982504107,0.5447502710358935,0.41317867441206807,0.4047114440009726,0.392134227024031,0.3654384696280778,0.5092775476080852,0.542498705112118,0.3741862726223832,0.4942948332807812,0.4400589282803949,0.45943901651319685,0.40902043181449577,0.5606691728846283,0.4791850922898687,0.2372975211942982,0.4897552822324969,0.266259867212129,0.297051796294316,0.47585461470738194,0.362462297989127,0.4379288661226943,0.528059588492598,0.11041335116686128,0.43360836615849285,0.3237937488382681,0.5644419254815681,0.5715306436181296,0.17924160152463758,0.47772744986559706,0.41773845357658446,0.3726224403078242,0.3814823290264749,0.25780599458565456,0.5685174376656242,0.6067730173057717,0.26898955646265826,0.29343193691492764,0.5340579368097317,0.23601374796558725,0.26367766768033524,0.33578537134231196,0.37539217452017076,0.5802624078694069,,0.4018415026997375,0.37851049655335606,0.4332081856728041,0.32846177923008746,0.4419671140784571,0.4833543193259147,0.4226835588695735,0.5571104128599376,0.34497520068445414,,0.4453667634629977,0.29997302900652345,0.42166724095643854,0.40980922775066625,0.5361137828444987,0.1512539171037629,0.2850862481049239
其他制造业,0.3892732949702055,0.42193929067943087,0.3665055998765311,0.45329613414581044,0.25974856912053074,,0.416716872493277,0.31607659588570225,1.0,0.29843084997223646,0.29755121752274094,0.4682057784578934,0.4333803785014242,0.2984822256215998,0.45755710721600756,,0.3737853025211573,0.17858975339516298,0.32613755559307633,0.27924249122861683,0.3040883782478674,0.4133964024803096,0.2818078648782652,0.42784601444169185,0.2940633937479396,0.26888465031141834,0.4264738468511805,0.2046837439748141,0.327725398442626,0.43789403844632496,0.3966711205609336,0.33337126913388454,0.3196540977179786,0.4162880586932568,0.2945769686934745,0.3525207849548391,0.5545943597637142,0.29912120586506047,0.15849426273781392,0.4491390727283477,0.07203554178317925,0.31572781892558816,0.21015917121171415,0.4247038524628248,0.42547119384402626,0.20573269444626907,0.419682686290117,0.3476730333832375,0.3656064933804499,0.3357513900547873,0.3014116200330108,0.4140893600621356,0.35855599286830603,0.24910522509966937,0.2860053183122326,0.3461878936999085,0.1349155727997187,0.11180967491066132,0.37011708266570903,0.3763910475544023,0.3543808100135471,,0.24103567623113292,0.3504626922095284,0.31074335046774804,0.3604267597588878,0.32217500308023245,0.2635351423865319,0.27736858603859876,0.46213100178926,0.19274250637303342,,0.331927778918557,0.28071362057089116,0.43118156766709714,0.3188169012106768,0.378480879824542,0.06035184289382991,0.3107334868437102
燃气生产和供应业,0.45567288610901785,0.5732453438060279,0.4555020333734032,0.6983744716582662,0.4224404510744207,,0.5894598780400202,0.4622692388432853,0.29843084997223646,1.0,0.6422911441151014,0.46983938362310823,0.537782768741181,0.5816443559993187,0.568204742618786,,0.5713095329093517,0.47041506671938743,0.6193446491978968,0.42460442855081276,0.4026858078967872,0.3694378233651492,0.3273445154042117,0.5200562467576704,0.6448957882424017,0.4919328313296598,0.603392422469017,0.3955858129219117,0.4832769525780661,0.3834069219088513,0.6248420409688509,0.5494294950659994,0.3050525922761476,0.49154992464191677,0.38352135118719666,0.31066537443058734,0.5717874369279474,0.35986274744345986,0.3717638964531852,0.7148934469203235,0.19537482131420145,0.4945492977172677,0.29163377349944697,0.660586525255772,0.6168597113855369,0.2593905526975148,0.45010885937730083,0.3412791518679276,0.4510017911497096,0.5481368454818679,0.3679475254189232,0.6933866143183309,0.5875378278192028,0.34549843255081913,0.32262809362051525,0.4869283756175,0.26062739394770906,0.27910156631058736,0.4386026247040369,0.32963153542560947,0.6789054183831502,,0.5507457521903733,0.341971661162228,0.5374543686648989,0.44615061698457226,0.5054650887788438,0.6638436104135907,0.4662954054877681,0.6372384525594088,0.4932689056509003,,0.5110518326561411,0.45602824771613215,0.42982133102483594,0.47749984255508515,0.6477199041878908,0.13084705536756167,0.3686668185445482
生态保护和环境治理业,0.4918328402654321,0.5072998329776779,0.4404568654942089,0.7357722681687251,0.47913394479584626,,0.5217984322280896,0.47466456449676325,0.29755121752274094,0.6422911441151014,1.0,0.409183813564763,0.3801055371751805,0.7010249842208941,0.3973345438628055,,0.5321295772038298,0.6101960906539251,0.7172731907766038,0.48239011000105203,0.3422086857224317,0.29745835407830434,0.3922683556910501,0.4154543057152105,0.7429868827677792,0.4101866718413858,0.5412129911450863,0.4579185845551227,0.47861533517612076,0.2910285607886009,0.6816168236036243,0.502865062177588,0.312998730485686,0.45304713531171925,0.27495054425159127,0.4645905345534993,0.5362521867607828,0.44336482288945944,0.2912494890496968,0.7260939015675811,-0.015419768101484616,0.5453406318106959,0.2944131839723282,0.6674023227405724,0.5599919265092244,0.3878793311038978,0.3361602835454479,0.37046734225559924,0.5241667035375949,0.5752794232141532,0.2826387818482127,0.6083798228323252,0.6111880064144428,0.29694957423325574,0.30181972857435796,0.5164037709126045,0.21773219322803938,0.4131135711162493,0.3980277193279264,0.19447115704423118,0.6383597258502541,,0.6368669735560403,0.29342165430047956,0.5395072765091247,0.4054971591064245,0.4546744794479913,0.6962984845109841,0.4778414618476793,0.5586692908052179,0.41060885613962067,,0.6044851884034306,0.509252388244203,0.44420899454225765,0.6262804455576245,0.7406662195737637,0.17803584860495816,0.27522364660956117
住宿业,0.4895812572301544,0.5007064848656774,0.4789739024687035,0.6364052873384934,0.4016055261058872,,0.5883791905330896,0.49233127546628175,0.4682057784578934,0.46983938362310823,0.409183813564763,1.0,0.4842510802387919,0.46241628193951334,0.5431608063456724,,0.5956764462168496,0.3353823425951466,0.5084099943813832,0.39834955309763787,0.5631092553066099,0.4235075888956396,0.3223011554978007,0.6916122500693695,0.380795999471389,0.4180242799766732,0.49430519485444674,0.38663394048752747,0.3917567881609356,0.57213996000628,0.5410174595819895,0.5485725159519739,0.2220532845089839,0.4830423089527627,0.30853970811539844,0.4020503355080646,0.640343549540713,0.4146238784409892,0.3773655943025742,0.5882402798752362,0.19579401849931882,0.42513032469023826,0.2811173131444982,0.578018480903774,0.5632132210049112,0.10236462180546593,0.44845487727362154,0.45765689559181233,0.3616182353993521,0.4896980951252288,0.3308208747608988,0.6376575782149253,0.505953521468733,0.4079246594992577,0.4439557753839568,0.5200366698447463,0.26592534628827097,0.19891850590716517,0.45430156074395683,0.33328030197920133,0.5277381819821857,,0.28642254995548433,0.5268285522618787,0.4682480089811509,0.3876278911068095,0.45247272237443686,0.42955010676854266,0.4261831446920669,0.5844633887146152,0.32193832633183544,,0.4536940938367387,0.30665679756031194,0.4619868561039417,0.4044469000563008,0.5558882349892633,0.1476690955990942,0.40234372984255373
黑色金属矿采选业,0.401719753356435,0.5982472554418715,0.6423845731035205,0.6185160580331747,0.3174106003738503,,0.6873445189597365,0.4755926260108331,0.4333803785014242,0.537782768741181,0.3801055371751805,0.4842510802387919,1.0,0.42475645800907375,0.7183710185279218,,0.5715852024045089,0.3091924669076124,0.4909582377092508,0.3692183764173721,0.3182448533448709,0.667844539942947,0.38176151806950964,0.5497531831859312,0.4380750241177367,0.4760936868870214,0.627372677136117,0.3730967069134287,0.4153422017770461,0.48797583044240256,0.5610218842820351,0.5179474769923892,0.25233666624110274,0.571834035585201,0.516489446955863,0.24851390766390466,0.4984017466632603,0.26372926677007114,0.40481441073461105,0.6149901440817505,0.21770570887298435,0.5221618196522346,0.2932106900259283,0.6307498810450636,0.6024337267064779,0.18748575039867746,0.7712140998529253,0.42145834313461644,0.3621208569247184,0.4164644733918938,0.517146909371919,0.6379220516536236,0.5347232640786655,0.39904260922413676,0.3583719297452278,0.4078635299498441,0.3343613475530909,0.22193244294283496,0.5975878499679695,0.6391187175684496,0.5824793249488187,,0.4240824719035761,0.4413403114108075,0.6031880065732179,0.45013862666197346,0.49862989654637935,0.49060720044372924,0.41606901026128956,0.6194005145725447,0.42625381372198573,,0.4695465036065218,0.34563664368557084,0.47161654595611485,0.340082439666617,0.4926806820033656,0.08420236771264217,0.5135186916756975
专用设备制造业,0.47240100096400106,0.47853978479513004,0.4685459182519687,0.7181345701481886,0.3650052983925503,,0.47798018755928723,0.44597215904416676,0.2984822256215998,0.5816443559993187,0.7010249842208941,0.46241628193951334,0.42475645800907375,1.0,0.39045948254824175,,0.5342381914655844,0.6434287278206856,0.7425595232835012,0.43543376485068325,0.3540587394345904,0.2928598950718603,0.3999973078352645,0.38038191955363276,0.6082723460691422,0.3957753988877527,0.48434243785311687,0.3745524022932998,0.5034350316290082,0.3075282559434572,0.6937144597474544,0.5301591497741583,0.38162925460358255,0.4882920630811613,0.23902671634730197,0.44827040887008823,0.5328765745583626,0.37878955080335386,0.2477824499965945,0.7134897547144604,0.04451308333880954,0.564779341029851,0.3035661668620514,0.6591422644053047,0.5237060349230952,0.3535872069711409,0.3569418040237853,0.33840393718659484,0.5779475609598933,0.5906875876659864,0.28598653674106084,0.5552905879846404,0.5323061959238067,0.2755487490314081,0.3370676888930898,0.537345566378724,0.3002298565078222,0.3811883188466019,0.349164722494685,0.20249408049911,0.696647778561707,,0.49412373873625554,0.25169885695902244,0.5331889829423453,0.3941754341372376,0.46211255309847366,0.5238780709336509,0.45807143194538175,0.5520753384235412,0.42986276288043995,,0.5753227519564328,0.5979352163643833,0.4253138400613954,0.5863286776452197,0.7375726840373944,0.08470896764849671,0.2632553488738573
黑色金属加工,0.4642461479769554,0.6973922062173709,0.7718827765166687,0.665712572486615,0.41054376895024214,,0.6982432878955134,0.5081084936996229,0.45755710721600756,0.568204742618786,0.3973345438628055,0.5431608063456724,0.7183710185279218,0.39045948254824175,1.0,,0.5841781091935341,0.25073956396863234,0.4542949496451706,0.4247570209753211,0.34805301190433147,0.7600859956272296,0.36795047428584876,0.6972650208012546,0.41226992517347627,0.5433709374841765,0.7150099398078528,0.39789099708105496,0.40014517489454915,0.6564311038958447,0.5085979228293849,0.5401331451543968,0.22139258975465317,0.5847368927398108,0.5657236229036368,0.1785056064057106,0.5719983843625648,0.2853259414286753,0.4787488570999773,0.603386041141649,0.2705434914671035,0.5169858475198091,0.4324506714522419,0.7041322353144829,0.6812878447150188,0.18221736757135287,0.7085731575259525,0.5526844538452105,0.36378183164748407,0.42770620106627066,0.620617847023514,0.698615279691456,0.6274175477422601,0.4924399399101929,0.4520440229203915,0.5006289355814106,0.19218570636427998,0.1445790287070818,0.6717471683443411,0.6348497869391616,0.5494762490209605,,0.4345871381933355,0.6003789612510143,0.5656220143543109,0.5005094275324798,0.5740491432305501,0.5350556937064889,0.4533296020113876,0.6580406798344425,0.44254457397094876,,0.3924781323454418,0.2844134920790684,0.4818094989724305,0.27438824815975094,0.4497534593463041,0.1518990609575269,0.6573026839734386
机动车、电子产品和日用品服务业,,,,,,,,,,,,,,,,,,,,,,,,,,,,,,,,,,,,,,,,,,,,,,,,,,,,,,,,,,,,,,,,,,,,,,,,,,,,,,,
公共设施管理业,0.5629975017360468,0.6042345513537424,0.5739264220770592,0.7401059744812526,0.48488304494775475,,0.6329039055115762,0.5175978952857426,0.3737853025211573,0.5713095329093517,0.5321295772038298,0.5956764462168496,0.5715852024045089,0.5342381914655844,0.5841781091935341,,1.0,0.40325668298418393,0.5948695015425903,0.5053109598504203,0.5230916393152195,0.532791947332725,0.41988874116027863,0.6098670007997623,0.5295253015040378,0.48246554560272964,0.6594976280364997,0.5180321788175656,0.5160119222652689,0.519869408019817,0.6590969032716492,0.5513880724804947,0.29322977720683496,0.5253846577592007,0.37719146639954454,0.3284833920102716,0.6011257028321919,0.3911268923265429,0.4161292632372778,0.6642897503704569,0.15447782459374682,0.5371538744182841,0.30063896505059373,0.6772279983139595,0.7148806306262692,0.2237057713918906,0.5729707979467548,0.5233845727276769,0.48322800197248317,0.6071451646752501,0.42165635302292637,0.7093395039020631,0.6522624380972443,0.45834083636148787,0.42361629731899786,0.6081304157942882,0.24723184353002564,0.23096745800370894,0.5168391559483546,0.41872019223354606,0.6321940845927071,,0.49484174722485885,0.46526440641072275,0.5904530423972576,0.48962214171993956,0.5045438151343895,0.6095940081132761,0.4986659126910088,0.6602595915042645,0.5268239144842878,,0.5372829845081019,0.4576982338601444,0.4882957427196756,0.4536276928056808,0.5774714499113752,0.16329280342308156,0.4124511926544067
卫生业,0.3560176927803443,0.3133987314774526,0.309008251598589,0.5894638754750136,0.34994304041141217,,0.3845993154817152,0.3703697982504107,0.17858975339516298,0.47041506671938743,0.6101960906539251,0.3353823425951466,0.3091924669076124,0.6434287278206856,0.25073956396863234,,0.40325668298418393,1.0,0.6460754888865895,0.3078530606641876,0.3589503218662318,0.13786823197453527,0.3299155273136492,0.2892879784196599,0.5528200828466331,0.324512222256284,0.3757797256528472,0.33394772058547667,0.3850938638578863,0.2316635425286837,0.5843695417462422,0.48130569848632604,0.3497100822801408,0.3738987488989646,0.07793981647869806,0.5137501557170934,0.43368845956208774,0.38862019863321606,0.19740384339347825,0.5927582100763915,0.054800529746922746,0.4556127283963987,0.27379296822726573,0.5085937841148209,0.4282736455706173,0.38315148293273465,0.23115204119283272,0.26030312483547136,0.5679120778127643,0.5222757917939067,0.15114309204604706,0.4646289392735205,0.42394124286654483,0.20754473110168836,0.2564896187593094,0.4577603802942357,0.21179460010122078,0.4908486432001954,0.22287642000556704,0.12052772701889497,0.5287006800326648,,0.3323732455426014,0.1682579699196719,0.3667667556328881,0.3052585765735374,0.355419341121645,0.3853246379859726,0.4319883166570059,0.42454844413018467,0.36284417887507275,,0.5695867711628135,0.5757790187970961,0.37324094390060925,0.5702630695381421,0.698137678291582,0.12517221418044427,0.13414003532316568
计算机、通信和其他电子设备制造业,0.5419131793871577,0.4954692748833603,0.42810800369585583,0.7794367019128764,0.4588116530121397,,0.5664342885968033,0.5447502710358935,0.32613755559307633,0.6193446491978968,0.7172731907766038,0.5084099943813832,0.4909582377092508,0.7425595232835012,0.4542949496451706,,0.5948695015425903,0.6460754888865895,1.0,0.5128164028210684,0.38538321915779566,0.3247321887281448,0.4557770984004468,0.46460414550329027,0.7003092175600085,0.4595759590092083,0.5230233673508127,0.48115361987354544,0.5380060739171842,0.3485526203071071,0.7658935784070132,0.5967258388577599,0.3889329904371233,0.634761411322643,0.21312541430365403,0.5722226957250935,0.6087100170336108,0.49026158400904923,0.33684520044198135,0.7757572080936105,0.13113131110579,0.6002239289343733,0.34126520231162505,0.6795760563437004,0.615414397013555,0.4178241306089509,0.46152899903364325,0.39083851367379774,0.6064079769620845,0.6371097345317244,0.28610559667869784,0.6578818663025807,0.6018871045617747,0.3524560462373834,0.3793777190613887,0.5799181420410942,0.299318478799905,0.5162918501043567,0.38106259138826726,0.2563299794341853,0.7756421148790933,,0.5000774918108841,0.3214455651771213,0.5571033823555622,0.44114755482835916,0.5417037418117154,0.6252694610512054,0.5609896165746756,0.6282304621704019,0.4814306875712391,,0.6873228554337356,0.6101183341392661,0.5107832584905292,0.7286489451144568,0.862523958563688,0.19100958707970056,0.28404137158975007
畜牧业,0.40147350039268814,0.4738318734574572,0.3963724371638599,0.5763803871115104,0.648688268878933,,0.4340768395003231,0.41317867441206807,0.27924249122861683,0.42460442855081276,0.48239011000105203,0.39834955309763787,0.3692183764173721,0.43543376485068325,0.4247570209753211,,0.5053109598504203,0.3078530606641876,0.5128164028210684,1.0,0.3653668403981465,0.3684320517310552,0.4276346879154372,0.4133904130320036,0.5250877503933512,0.38694069817930016,0.46242481182054723,0.5099714403684427,0.5300859587275208,0.38243086484646327,0.5174848447191068,0.4485875461394596,0.2666807309749199,0.4185770945626546,0.24590067986651545,0.28438108914501037,0.4959265260587988,0.34772707333887704,0.2654150398426338,0.5331797171216923,0.10915687836106416,0.465439664160504,0.2836099718822686,0.5530063278742576,0.5750578511669718,0.19879066392297903,0.396911801478346,0.4318327322978603,0.34874541497855194,0.39806897975020217,0.24767763594106687,0.5310609400664774,0.6108238537245656,0.2826615560343153,0.2239812248041157,0.5346091433340165,0.201466172498424,0.2618697952779712,0.335814397887513,0.1739932619716398,0.5031551435993104,,0.395695744695889,0.3969045928816024,0.4744156596878601,0.3616063732505327,0.4551667381304589,0.4361175678247212,0.4588300040158645,0.5264521807465734,0.4876291902997058,,0.4719419464367139,0.2609556082521222,0.415012410882064,0.43964428603849176,0.5230327823032535,0.10145800910755814,0.30020959599348035
餐饮业,0.39375074583750236,0.39278888698050024,0.2848054696684324,0.5068953323914871,0.400364085834635,,0.4227425441699101,0.4047114440009726,0.3040883782478674,0.4026858078967872,0.3422086857224317,0.5631092553066099,0.3182448533448709,0.3540587394345904,0.34805301190433147,,0.5230916393152195,0.3589503218662318,0.38538321915779566,0.3653668403981465,1.0,0.28984373761748894,0.275600953139364,0.48007509999446724,0.3870942455936949,0.3311756875335466,0.4246327522951069,0.41569822008598284,0.3113629581906662,0.3434766689600869,0.48934763153232863,0.46112387001798505,0.2499942059642015,0.36958058205975775,0.16774315619120517,0.2833173466523801,0.45199845095183305,0.30680643022400733,0.2116261653163014,0.44465640002654216,0.1252683817954779,0.34680267907681794,0.14910195643046095,0.45703993089283435,0.5356299722402734,0.07073744772489386,0.276373238483432,0.27093451535569163,0.28646704315771754,0.37154740055559415,0.17023581911261954,0.507403387381453,0.4358033294569443,0.2578101165284379,0.27193540655815285,0.45050645229578745,0.12890192393237265,0.2348415489003772,0.25920080845893007,0.20978581413146752,0.3829905961992471,,0.27893473236848976,0.31531813543056336,0.3759666033010197,0.3083719057455216,0.3474711642233849,0.3063155993319124,0.3766051729340113,0.42708959273768776,0.31183175384482686,,0.3792120181790448,0.2625213879167615,0.36901722154111016,0.3802000064802449,0.4179972688542408,0.16887874378802753,0.28587426384689535
煤炭开采和洗选业,0.39204445197946985,0.6898485094244493,0.7083555765553946,0.5143455976257855,0.3575057378458868,,0.5824413126784549,0.392134227024031,0.4133964024803096,0.3694378233651492,0.29745835407830434,0.4235075888956396,0.667844539942947,0.2928598950718603,0.7600859956272296,,0.532791947332725,0.13786823197453527,0.3247321887281448,0.3684320517310552,0.28984373761748894,1.0,0.26210648116293833,0.5520880219966375,0.3048814510618306,0.5175791466295522,0.6826932500079376,0.3275699991113397,0.2959418279099888,0.5684551534786817,0.41276694478167447,0.3829339409143637,0.14858313262994224,0.4387116772104805,0.6052316393535947,0.14388917420199665,0.4653212883954709,0.1858093252081984,0.3486913635017924,0.48248190346627956,0.2056542698065654,0.4472370955581974,0.29436183296948765,0.6287640317973385,0.6088126366645608,0.07661739440356871,0.7164020599901826,0.49507047357503225,0.27120963039159324,0.369402727857782,0.6241910897617031,0.5615519737197445,0.5155650996860952,0.5053454938713596,0.3192341131835384,0.4139429849109856,0.21194069213906322,0.02506202584717789,0.6937239583965357,0.6362212559323247,0.41073073205499555,,0.34007883659628246,0.431843950781778,0.4769923975863264,0.5054144326819655,0.46646327939983073,0.412673491607802,0.32540229712992935,0.5737512114494342,0.3567175053203147,,0.3000374602347014,0.17828124719661523,0.4012927114121005,0.19961681391184707,0.3109906984724789,0.0847210614817094,0.6796550138666555
研究和试验发展,0.3349458399103948,0.36835858165296115,0.31793871561419884,0.4966695765566099,0.303071469896548,,0.33520520972799145,0.3654384696280778,0.2818078648782652,0.3273445154042117,0.3922683556910501,0.3223011554978007,0.38176151806950964,0.3999973078352645,0.36795047428584876,,0.41988874116027863,0.3299155273136492,0.4557770984004468,0.4276346879154372,0.275600953139364,0.26210648116293833,1.0,0.36954158510978774,0.39908813240564256,0.2925187874015539,0.33752797557054615,0.30974195199273025,0.3874972798662454,0.306317207903052,0.47236775976141093,0.44632057939970904,0.23681952697218933,0.4017806264191179,0.1490819857629344,0.25478925092514404,0.4071789035350921,0.361635410779412,0.25559037247044464,0.44995249278700367,0.13329241092720812,0.3930290308074704,0.2817544931387389,0.46442203873642574,0.43762996893972744,0.2864495244863471,0.34686952524082443,0.28133191413271014,0.30245180359859886,0.3669341727863539,0.15587061509244815,0.4624714815056051,0.42757187123260687,0.25310441228814945,0.16988401278284415,0.38258853150263505,0.15887420915846467,0.2399342877249019,0.25820430364367747,0.21137286565191504,0.43418706281387376,,0.36456518270812766,0.30219405387342546,0.42514156705428313,0.3034618874731299,0.36128235888971605,0.40422151352873315,0.3049051610105486,0.4157719664425569,0.30964026599992966,,0.3800792439077672,0.3556974469525336,0.37903014698331844,0.436098524380208,0.4678827385484173,0.16189045314978462,0.11983564317348772
道路运输业,0.45916544043128305,0.560347499573559,0.5821403601482583,0.6128447770970629,0.4420749049309018,,0.6283481724558555,0.5092775476080852,0.42784601444169185,0.5200562467576704,0.4154543057152105,0.6916122500693695,0.5497531831859312,0.38038191955363276,0.6972650208012546,,0.6098670007997623,0.2892879784196599,0.46460414550329027,0.4133904130320036,0.48007509999446724,0.5520880219966375,0.36954158510978774,1.0,0.3990951827106782,0.45069954705974663,0.5760848101988573,0.44040730165581865,0.33004914251248935,0.7063595226820653,0.5261538972645421,0.5946772370327078,0.23279200215555457,0.5436733667174628,0.42405998125636246,0.3223251344784104,0.6396762351850701,0.4247226913778571,0.5101460777975143,0.5632181578875798,0.1912776151254795,0.4261859590532165,0.46389378831131195,0.643646265582725,0.6306310179904002,0.11988718175121398,0.5224447979738488,0.6635935983522476,0.34681451062985,0.5101988172156435,0.44621933043453493,0.6972836885715938,0.5706896956169217,0.442055401247145,0.5327150065914535,0.5366316731199893,0.1873958526919353,0.22385003883008484,0.5256390331978812,0.4788645566399973,0.531943189246682,,0.41091978054401407,0.7445398396019648,0.5011802483287552,0.44806723719338026,0.49635931041201026,0.49677053735737736,0.473144428688626,0.6052228138613733,0.35462427889557196,,0.4663881926553598,0.24010423704566425,0.5598025044013372,0.4233885301684129,0.5204717740574367,0.18845842566174836,0.47679523238227517
仪器仪表制造业,0.48953143387121806,0.48886175310013996,0.39073581897052095,0.712093180982914,0.4773625651120202,,0.5532484166688053,0.542498705112118,0.2940633937479396,0.6448957882424017,0.7429868827677792,0.380795999471389,0.4380750241177367,0.6082723460691422,0.41226992517347627,,0.5295253015040378,0.5528200828466331,0.7003092175600085,0.5250877503933512,0.3870942455936949,0.3048814510618306,0.39908813240564256,0.3990951827106782,1.0,0.3685776723948885,0.541243431201047,0.43585585299750745,0.4995473996890561,0.30701580633097275,0.6711317570643741,0.564502529755597,0.3405451651772669,0.5144557237724524,0.21197710848968102,0.5312959022988689,0.5087940941923723,0.48505368611547944,0.330406743705711,0.7115761101203795,0.06162645016721273,0.5220897270798239,0.3907056892358165,0.6453084925185185,0.5687871623800317,0.41929191628270385,0.39803078226605737,0.34624884434262193,0.457700871625521,0.530565830368861,0.29979049012136977,0.5834399966189403,0.6304162569724862,0.3195273862538787,0.2718786600801862,0.5057329135004717,0.2273950107652453,0.49542141716454136,0.3438673882377532,0.24340437359045564,0.6685865578429296,,0.6247794988726683,0.30321942740784735,0.5276344198761793,0.4074008216878753,0.467262836754061,0.6999520200979037,0.49898221124563147,0.6136237627878214,0.44325670219904234,,0.6444124518391394,0.4279127738273874,0.4472189180271591,0.6506095676250268,0.7017723587872651,0.10268318099692694,0.2690061466391877
建筑装饰和其他安装业,0.42739429763234116,0.5177772029039631,0.6191968308446161,0.5520413785918817,0.41518539746858585,,0.5202416176017486,0.3741862726223832,0.26888465031141834,0.4919328313296598,0.4101866718413858,0.4180242799766732,0.4760936868870214,0.3957753988877527,0.5433709374841765,,0.48246554560272964,0.324512222256284,0.4595759590092083,0.38694069817930016,0.3311756875335466,0.5175791466295522,0.2925187874015539,0.45069954705974663,0.3685776723948885,1.0,0.5146746940870777,0.36903470739820327,0.33139248105044417,0.4307549011189043,0.5178784157081,0.44109526437127733,0.2594063410234753,0.4159780278594831,0.3512229884503081,0.26479868106333015,0.39358544697677705,0.2536189465100457,0.3572158807578277,0.5943159219257823,0.26223293745753035,0.4485350861298422,0.20712639770548538,0.6390277662625797,0.5628584907110281,0.17652002783752116,0.5061521819561535,0.39445299663833866,0.3318460702935258,0.4218866563857478,0.4388086143979665,0.5967579388896554,0.5251906318904436,0.3484120030487956,0.32748042750168865,0.45686977168030957,0.17584791354157797,0.13824133895948165,0.49140113691334936,0.40138607815429317,0.5248338455408565,,0.32261977196440567,0.36012987141385655,0.48290059273905506,0.38957450279009875,0.39453781079618294,0.3766052489970386,0.395512235919864,0.5008144175000357,0.36758853958229015,,0.3862254325616892,0.3100710962649675,0.34012283818499556,0.3130779905864827,0.4812924457538319,0.1310644695516956,0.46131892332686175
电力、热力生产和供应业,0.5184125634887696,0.6627531645581425,0.6800568747686517,0.7170895319756874,0.4678552612407945,,0.680013930552774,0.4942948332807812,0.4264738468511805,0.603392422469017,0.5412129911450863,0.49430519485444674,0.627372677136117,0.48434243785311687,0.7150099398078528,,0.6594976280364997,0.3757797256528472,0.5230233673508127,0.46242481182054723,0.4246327522951069,0.6826932500079376,0.33752797557054615,0.5760848101988573,0.541243431201047,0.5146746940870777,1.0,0.4708465084178285,0.45394378483562803,0.5909573830508521,0.5907603085646186,0.5629222298314589,0.28993201667440005,0.5149574767725046,0.5599237519932923,0.28486709859371057,0.608626482677702,0.3338431768902182,0.4030818317468525,0.6980816377565674,0.18017572713554814,0.5599835529398689,0.3200894475218155,0.7481416748656027,0.6708502717603703,0.25990751076353236,0.6352632394645025,0.48475439788998603,0.4267985019625403,0.4728312405210732,0.6056310755276546,0.7076684438397225,0.6479362539781842,0.5459682544556043,0.4316098937377921,0.5276054544032914,0.2559306671284429,0.19191359943279476,0.6784249952414927,0.5069199986238061,0.6031589688631899,,0.4863753080960899,0.4706783876616638,0.6032660070808582,0.5268004933088476,0.5221777045417542,0.6311226176386544,0.4587995380202825,0.7014410667923654,0.5090548043065106,,0.4964264505496842,0.396197734009672,0.4894292837401593,0.4125272731141198,0.5310596287625172,0.11471725259011571,0.5984639956102187
农、林、牧、渔服务业,0.3747737717301939,0.39873506823611005,0.38521486673103783,0.5837657409824996,0.636223921812579,,0.4886351109026264,0.4400589282803949,0.2046837439748141,0.3955858129219117,0.4579185845551227,0.38663394048752747,0.3730967069134287,0.3745524022932998,0.39789099708105496,,0.5180321788175656,0.33394772058547667,0.48115361987354544,0.5099714403684427,0.41569822008598284,0.3275699991113397,0.30974195199273025,0.44040730165581865,0.43585585299750745,0.36903470739820327,0.4708465084178285,1.0,0.42325210625508547,0.40798093417114073,0.5691374665320749,0.40096588957520285,0.20800390252347095,0.33740656203362107,0.21808531983054183,0.2273994678914777,0.4487584988897502,0.24288777236075565,0.298223427805885,0.49909496157203914,0.02837348027472922,0.4159792141088582,0.23533620536608826,0.5340014235280743,0.562921914524277,0.2507807975298036,0.39095903127203685,0.3543166344964171,0.3417982946631173,0.40779539069465487,0.241259988532581,0.5695306533715262,0.5094956604339227,0.3324691786801023,0.3010147693335451,0.45656548473282527,0.1829312575418962,0.2649478077543693,0.3356593132638771,0.2780420222110021,0.4748501147863178,,0.4088898438000674,0.39907940190125335,0.3570700135707203,0.3014542410226936,0.4278561338770363,0.4570564692807572,0.4209943686409796,0.4361665957700111,0.34834103653539833,,0.42875107387833095,0.2650509040417619,0.40483962198183093,0.3889008540610462,0.4663422254145876,0.12979276836820117,0.26414923940704954
林业,0.4282347003707825,0.3960932068776917,0.35319776877256764,0.629280882523325,0.4768997864474268,,0.44339206949426635,0.45943901651319685,0.327725398442626,0.4832769525780661,0.47861533517612076,0.3917567881609356,0.4153422017770461,0.5034350316290082,0.40014517489454915,,0.5160119222652689,0.3850938638578863,0.5380060739171842,0.5300859587275208,0.3113629581906662,0.2959418279099888,0.3874972798662454,0.33004914251248935,0.4995473996890561,0.33139248105044417,0.45394378483562803,0.42325210625508547,1.0,0.32887814528554915,0.5453289491675037,0.44919298996842333,0.33810632893132875,0.4202148880655975,0.15409806767226472,0.3105059338269437,0.4620638273919366,0.32303071313667625,0.24989644954911103,0.5320157822056589,0.13387649453596367,0.48175217985398866,0.3062914500925557,0.5225092448201575,0.49859770710075807,0.3225879519571692,0.3661216615766316,0.33396010089826106,0.39527916317685996,0.4286180361581976,0.236442519227596,0.5411854400726309,0.6198546481047914,0.29025476844075826,0.1775671564670535,0.419627591844778,0.23030199491652584,0.3183409612237489,0.29915364572609865,0.17551530223810144,0.546720066338078,,0.39791831210316114,0.32738809696278814,0.4195623448275991,0.30808731872639794,0.4648215210864695,0.501132075636276,0.41619762551452294,0.5241253421313616,0.43175743033368164,,0.501002494219543,0.3857519202049455,0.41195341126615403,0.4026715934984372,0.5161120125881068,0.15854957605003595,0.26977691133162485
