,家具制造业,石油加工、炼焦及核燃料加工业,非金属矿物制造业,通用设备制造业,农业,建筑安装业,金属制品业,邮政业,其他制造业,燃气生产和供应业,生态保护和环境治理业,住宿业,黑色金属矿采选业,专用设备制造业,黑色金属加工,机动车、电子产品和日用品服务业,公共设施管理业,卫生业,计算机、通信和其他电子设备制造业,畜牧业,餐饮业,煤炭开采和洗选业,研究和试验发展,道路运输业,仪器仪表制造业,建筑装饰和其他安装业,电力、热力生产和供应业,农、林、牧、渔服务业,林业,航空运输业,专业技术服务业,仓储业,农副食品加工业,铁路、船舶、航空航天和其他运输模式设备制造业,石油和天然气开采业,电信、广播电视和卫星传输服务,零售业,文化艺术业,房屋建筑业,电气机械及器材制造业,酒、饮料和精制茶制造业,化学原料及化学制品制造业,教育业,土木工程建筑业,纺织服装、服饰业,文教、工美、体育和娱乐用品制造业,有色金属加工,装卸搬运及其他运输代理,食品制造业,商务服务业,货币金融服务,纺织业,木材加工及木、竹、藤、棕、草制品业,铁路运输业,租赁业,皮革、毛皮、羽毛及其,科技推广和应用服务业,广播、电视、电影和影视录音制作业,资本市场服务,有色金属矿采选业,橡胶和塑料制造业,非金属矿采选业,废弃资源综合利用业,水上运输业,汽车制造业,开采辅助活动,综合,水的生产和供应业,印刷和记录媒介复制业,化学纤维制造业,渔业,体育业,新闻和出版业,医药制造业,批发业,互联网和相关服务,软件和信息技术服务业,造纸及纸制品业,其他金融业
家具制造业,1.0,0.4047008456343494,0.44435523726361476,0.4585347705424928,0.4614320437079485,,0.45317681739852694,0.36086221823858844,0.3644049590380345,0.5239345973971248,0.5220882290412666,0.29782223079876136,0.23927719485266474,0.5076666377446221,0.37252544476052063,,0.4702830349602577,0.27549455420596364,0.41909372269466705,0.34834149230167133,0.2925475492559005,0.28260369556847864,0.18954690914350042,0.5382227030078417,0.5092146448604811,0.46614544930620305,0.4309020574678386,0.279634525110177,0.4016706190760646,0.4067343539441867,0.47863437106651036,0.49694838789319656,0.3218433688974883,0.35481440501438166,0.04496882974047775,0.30399014342141634,0.5938865085496301,0.15863968929433847,0.3768573380721214,0.5279459649338091,0.1616352394522178,0.5714975621675172,0.32762817160247826,0.45312044184011296,0.3775136683468107,0.25563361786860367,0.35865725124652187,0.3937157545608551,0.47185639194752993,0.5327109030568711,0.11657974126600347,0.5553933352023602,0.5764649566426902,0.294594679346741,0.32907013806011604,0.4206585831214221,0.0772700838188639,0.3744580509694614,0.27547709860349323,0.318644587633216,0.45790358175440926,,0.37903222653213947,0.39603907020504087,0.30764857639950655,0.33021406056346675,0.5257266665736575,0.4800462813960348,0.36378029588114397,0.49336867793999895,0.370759028576658,,0.42068948877452994,0.510540679840289,0.40518745800714934,0.43703896599962383,0.4445521182139641,0.4222394331666371,0.19388462996824476
石油加工、炼焦及核燃料加工业,0.4047008456343494,1.0,0.4964487989809221,0.5970869842930836,0.42252391500194186,,0.5709058944388002,0.4706501974582903,0.5024497460355282,0.5684160807853745,0.45699096291610974,0.36486598508838114,0.28000026667047473,0.5521733278477837,0.5030284349679975,,0.5484112087163086,0.23930662309353473,0.5249404970617465,0.3788047041983521,0.39191732063013657,0.42943245918716966,0.2919277785040826,0.5694071563706797,0.5557562338906535,0.5293121442536152,0.49696666976247056,0.3327433996017277,0.3555811310007186,0.5026009222323731,0.4948165312951818,0.5035513454638816,0.3256670778332979,0.4689167305123879,0.39917368832224687,0.30570983070538127,0.5780449639118175,0.2966229677808125,0.40285099232261945,0.597838477037138,0.20311427527169623,0.5770633804750358,0.3194555428181656,0.4165504008010803,0.4524919779262419,0.2550349409379169,0.4899944955537085,0.5024605125883463,0.3293829147333678,0.4674944807185102,0.26548840930398415,0.5850588477287245,0.650230261676569,0.35162994923776575,0.561373489343618,0.4849726041341733,0.22260849893012227,0.297695915472247,0.3817689594174496,0.41470908887178576,0.47311413517473655,,0.34291830086099506,0.4561889753601429,0.3726576769562938,0.4896881717572329,0.5605207784856341,0.5559436269510881,0.5093258259240471,0.5752722904276808,0.42636876718647704,,0.41760430159459266,0.4981450832880456,0.6014370001932335,0.4819770561562862,0.6068841861682601,0.4588182744124688,0.30643611483531596
非金属矿物制造业,0.44435523726361476,0.4964487989809221,1.0,0.5679912228215253,0.3709192144831967,,0.541433723530879,0.43499316506141544,0.38150083399664114,0.5307284571239861,0.44241386070777605,0.3411613236541806,0.37256122138119663,0.4522405019534678,0.4872418747589963,,0.4643851959204718,0.13073131029792873,0.40949275195109497,0.3036433911616811,0.40255895751645043,0.5445695907200605,0.17255535575793646,0.5699230042623793,0.4546853898099318,0.47700179961371764,0.5357749706935447,0.2942986733594889,0.3055684214870159,0.5231514647929925,0.4635268068551414,0.4600014606147938,0.4301090608187807,0.37958182827603876,0.22528708710434697,0.3132260518736822,0.6076631697457102,0.3416372734682327,0.35188074130435715,0.6295196684596274,0.3254171415482793,0.5260590015713413,0.24949021988580727,0.5405359023282922,0.46300897090229876,0.24974300664619056,0.4756515825159399,0.4393540951569479,0.462969895977955,0.48919133692254163,0.3846213129882868,0.5543967792931522,0.5522450815797104,0.41211728780162415,0.44397948807465143,0.512440136901677,0.16070894871820898,0.3238132734718789,0.501198885748938,0.43850575935036934,0.42956448715346696,,0.3545957397910435,0.44972621515137606,0.427039024967181,0.41645641408670425,0.5475816854283171,0.46374438423349873,0.4363624272476875,0.55993615270271,0.38845881006888444,,0.4120688853236142,0.5082108474168935,0.44878180066260387,0.35879627899673844,0.42512003994515213,0.5096133414160687,0.4728254491738109
通用设备制造业,0.4585347705424928,0.5970869842930836,0.5679912228215253,1.0,0.3717610780354702,,0.7019856640862783,0.6094830783949573,0.5535844488773067,0.5779346582916333,0.6432044888976461,0.4279019745020178,0.32939198125961644,0.724572651488232,0.42177028760437224,,0.5884967232766164,0.3554254932590982,0.7231456669276461,0.40779842228865537,0.4206943914647603,0.3444584469631034,0.3835985378513205,0.6294325578110366,0.7263043904475055,0.5893070993296096,0.5156322256975665,0.25856429658110847,0.4280781879124967,0.4617594033922919,0.7183328501816807,0.558514784254031,0.3986224543050098,0.6028049000937101,0.2895263499071781,0.5232014627672278,0.6801619239587613,0.28911054470892866,0.3974020077424007,0.7540305352547404,0.18493965165426068,0.7089547220213267,0.4302974024839272,0.5455235738343837,0.6223841856320272,0.45666931886929363,0.5469340516828944,0.5880992376336833,0.4635753823026917,0.6176066669381871,0.21661607137271136,0.708308943571853,0.6817101532610758,0.37878288882133543,0.610990675975713,0.6171338664481174,0.18824409202730702,0.4828969711315632,0.37523584217513334,0.4715712831832737,0.5571933075153523,,0.41886615848327574,0.5351743290691007,0.5146422081113994,0.5575743184435337,0.7055366690912701,0.5811080192728058,0.6339628730607106,0.6548325546475453,0.4477563226823429,,0.6293607587239826,0.5958907777907722,0.5748402322003493,0.6644535608376496,0.7710607381345789,0.6340297414637913,0.3068957024764236
农业,0.4614320437079485,0.42252391500194186,0.3709192144831967,0.3717610780354702,1.0,,0.3901354453009157,0.2747241785359881,0.31758696510531076,0.36991416122127785,0.4758599884009481,0.3131421093708212,0.17432108539118987,0.4001054484410268,0.48499538804763764,,0.33433212192858225,0.19822148334567374,0.4522236245659858,0.5621975473335747,0.24865637224493603,0.453239094055539,0.10282687478705252,0.39240375428272817,0.46455693727336567,0.424612266948066,0.5775404509444365,0.5365871551117717,0.3545974495714371,0.40961627256052263,0.39610596396422065,0.346105966901747,0.28800447316234085,0.2963074425010123,0.14690466615441078,0.17565694802594495,0.5136751754307768,0.16926026791737286,0.17967582672268745,0.49379127069878426,0.14787326886122318,0.46325331221082483,0.25142992024053346,0.4152417125447576,0.3063969248551045,0.12024409689451118,0.45609225039014706,0.3381672135621527,0.3221190315407376,0.46614629118617024,0.20660880135982337,0.41299000080377796,0.4759504540067404,0.26373223830790793,0.2962498911302513,0.293782420976136,0.13589505876831398,0.3058935349873227,0.14849416631517395,0.4029521900839963,0.3638491894942142,,0.4494498305335712,0.30857583326222104,0.2266298706799777,0.4073611116136766,0.3933790875342937,0.4607692759188488,0.3270240041819337,0.4554190124686179,0.3391252183723653,,0.37062707373621534,0.328755729087747,0.3207340185068048,0.29856431377360343,0.3504517187776517,0.3865352549818125,0.15742742894696038
建筑安装业,,,,,,,,,,,,,,,,,,,,,,,,,,,,,,,,,,,,,,,,,,,,,,,,,,,,,,,,,,,,,,,,,,,,,,,,,,,,,,,
金属制品业,0.45317681739852694,0.5709058944388002,0.541433723530879,0.7019856640862783,0.3901354453009157,,1.0,0.5431254921158946,0.52325959230075,0.5348837429357032,0.6550911380406772,0.41970392746778334,0.39056099571747627,0.6475341095481011,0.5171009686420774,,0.614202755466386,0.3178503411603906,0.6314321055593283,0.3734936714793316,0.4098872748339689,0.3584249987371141,0.3508928426844673,0.7032304218439024,0.6810164592407947,0.564413820272459,0.5828201485920961,0.19145448510391863,0.4872941210798845,0.5798866999585087,0.6412409571656722,0.6005555044607083,0.36498995857477573,0.5420441239127289,0.20284255584998798,0.4349897485434212,0.710266632989814,0.269684683601558,0.36890974062760046,0.6842278217831069,0.19147911191509195,0.6827574318477663,0.355266790746352,0.5357649565247381,0.5917002140175103,0.3502105385438117,0.5524500599756013,0.6177128255615121,0.4166335106755115,0.5766949364923291,0.23649044115062634,0.7069494432097382,0.6809845349923649,0.42170300439911595,0.5780972744118779,0.6387675304953697,0.20122392196132008,0.4324405764845862,0.3666781745072616,0.49755609587743915,0.5801390597193008,,0.5385957544596298,0.6523949965141861,0.5183787713313799,0.42194815160967986,0.724391775454987,0.6502160579600152,0.5825967328602453,0.6174027229418015,0.39016786318505187,,0.5831901686711461,0.5604923262424918,0.6349254093630023,0.5443349586655499,0.6544747037007357,0.623783780692035,0.29518088291068745
邮政业,0.36086221823858844,0.4706501974582903,0.43499316506141544,0.6094830783949573,0.2747241785359881,,0.5431254921158946,1.0,0.40227414558474045,0.5154893818326582,0.5449402548520687,0.3811473560236818,0.525951918653847,0.6023738739071797,0.26472601771903326,,0.5318196605289939,0.36336719527330213,0.5496523432265241,0.3734197704057402,0.35406587605001855,0.1883695073989128,0.4071673847088878,0.47726780144969133,0.5918700533599579,0.43892341994725925,0.3025603075918817,0.24242198134263337,0.2914029107354901,0.35315416865791105,0.572758137727296,0.47153910910482477,0.31843177086110164,0.4171229351129685,0.010596343964068479,0.4246649546511808,0.5868242079308431,0.25461408173905264,0.325281869911756,0.6088810731406954,0.20490138136256758,0.6199626114724515,0.3938531466413337,0.32811079969284684,0.5638200997104909,0.37692075432337324,0.4479050420004792,0.4369626034046929,0.3994032723958366,0.5242276743762894,0.08391948540811885,0.6128473393482821,0.5570892971547674,0.15517627555551583,0.4217728950525638,0.626660736118893,0.20816268054262335,0.38002299296461955,0.32460730065641885,0.38730982601381775,0.5728314549275266,,0.4095790468143152,0.35552343007173337,0.4158724468365009,0.33382819671889274,0.6600964740537322,0.4560269725622463,0.5274275506449726,0.556164446229796,0.3362644371643054,,0.5835257095917594,0.5161514010824262,0.5541461040497608,0.561647739055385,0.620838362909674,0.5330309849938516,0.12328280427183094
其他制造业,0.3644049590380345,0.5024497460355282,0.38150083399664114,0.5535844488773067,0.31758696510531076,,0.52325959230075,0.40227414558474045,1.0,0.43995769457508244,0.4470576840139688,0.3449030761451219,0.37557960252446687,0.47031632742533225,0.27881905744334,,0.41144881255287774,0.1787293021880919,0.4222741246536496,0.3014838499061146,0.3063893798881848,0.16321855834125495,0.2675545561137033,0.48510474606472453,0.517384816562628,0.4199031217718259,0.33074250646441844,0.2678517547607625,0.3309371779856657,0.3587070753827183,0.4738982140645686,0.38232200059243143,0.27716265464798046,0.31672329370788393,0.0929164360297046,0.2486892398887593,0.5250227905897483,0.19854987832651,0.33346054584412665,0.5438293468486143,0.14937879350143196,0.5216140267753627,0.28387399516704986,0.3269158368341424,0.44230819433990426,0.25505949533889766,0.46193669460125236,0.4653854290157403,0.33368325419840933,0.41494499733666645,0.06303991829364175,0.509744012299413,0.5642048772816042,0.2441168424432477,0.44300900677456245,0.4449712456801363,0.1877305411740934,0.2529268344011336,0.18808615067673298,0.4534177923672558,0.46334819932555005,,0.3260752332546025,0.37369249505900837,0.383319021039436,0.34662819082169705,0.4950876495804665,0.5266015532956022,0.4183978334548254,0.44833196904066186,0.3400898020390722,,0.3655883687697596,0.38690843675845144,0.44963481645959386,0.37405633957292056,0.48104609615235855,0.4614576180510461,0.16439804037984015
燃气生产和供应业,0.5239345973971248,0.5684160807853745,0.5307284571239861,0.5779346582916333,0.36991416122127785,,0.5348837429357032,0.5154893818326582,0.43995769457508244,1.0,0.5770843091601516,0.3267616079727727,0.37970006903225045,0.5631347479689018,0.4330049059751081,,0.5676896985980179,0.31122958722222466,0.5019810350129551,0.3910530154765485,0.37549701322575013,0.32556628134530674,0.2038495878062718,0.5271699189163452,0.591339607597503,0.4592423549807117,0.4749804201221498,0.24316527902207447,0.40568949720090036,0.41813533488593524,0.5389081026063177,0.492105816640129,0.41943989719810854,0.4490609436316601,0.14427700677532893,0.32749355120807794,0.5922526649053016,0.24868985513871575,0.44939231391126777,0.6529454636472503,0.17336904529072195,0.6303186668811276,0.31544135492306935,0.37013415894233365,0.4475465594993641,0.3412842286849277,0.49336871510794034,0.4849390516741799,0.4510256307852926,0.5158955631853765,0.18399765507244678,0.6282395919405379,0.5809423804420769,0.26755361605553807,0.4249347944945278,0.5099362020682453,0.20541284343125737,0.30982382032997025,0.29937693886678113,0.4339675819458014,0.5264384754926416,,0.4308795742057294,0.42130081491178467,0.3946742471283794,0.4234525353957619,0.6480215356411512,0.5734786296411295,0.5043785432062527,0.5694283147114139,0.4297701279132855,,0.5216294246440056,0.5147864435368191,0.5357239128552839,0.48922959987120196,0.5748780182180244,0.524608992982604,0.257528859158836
生态保护和环境治理业,0.5220882290412666,0.45699096291610974,0.44241386070777605,0.6432044888976461,0.4758599884009481,,0.6550911380406772,0.5449402548520687,0.4470576840139688,0.5770843091601516,1.0,0.39154641049413963,0.37650693468316626,0.6795481654442321,0.4640466730587077,,0.5615695128534952,0.2730294916086412,0.6186107700820008,0.4226546051528474,0.33455835619468555,0.29872891008796193,0.3305093027320765,0.6157690227809485,0.7142669212022345,0.4942989377076334,0.5677565295205945,0.294507224894683,0.4631665126382249,0.473151354981667,0.6099842110981304,0.5396307165197358,0.4191915595862381,0.4644635102659392,0.11184950753844591,0.4183953293437635,0.6927975247346978,0.23089559522107733,0.360802298911002,0.7275811198689334,0.19633842487699804,0.6966941081439173,0.41034107411943277,0.512769644234535,0.543961826907384,0.41787347072370806,0.5357323224256877,0.5895299320340144,0.5866942924788128,0.6509594585834493,0.16369008662288573,0.6494695620064767,0.6604087840853882,0.3511807713514811,0.4682750970627398,0.5615476690075156,0.13547852433970972,0.4182261074714999,0.24063304762065393,0.46858429529360673,0.581804102089003,,0.638237319729844,0.5302550755344027,0.4472649270932204,0.48884559663306476,0.6673694570364588,0.747033597261074,0.5483733650340444,0.5882144099526414,0.40070096558872115,,0.5859245951204581,0.5597388416199326,0.6071662246535028,0.5573721448285179,0.6339414023482288,0.584930567951282,0.19206173400583623
住宿业,0.29782223079876136,0.36486598508838114,0.3411613236541806,0.4279019745020178,0.3131421093708212,,0.41970392746778334,0.3811473560236818,0.3449030761451219,0.3267616079727727,0.39154641049413963,1.0,0.29491032652338794,0.44344963591313163,0.2776765186263052,,0.38393089858187435,0.19882999729697926,0.43162820465912427,0.29227372885590686,0.2363777254705212,0.2118653076414838,0.2369911669014809,0.45340434690267895,0.3880374781294235,0.303759221397853,0.34785248178414346,0.18754120407858224,0.21108743579623393,0.3257876035757868,0.36963376715860863,0.30375258339706884,0.31682722887301806,0.3332815409490436,0.1011882513552243,0.256124704397351,0.48779160756460854,0.14536236772704214,0.19646984231236472,0.4554921628618098,0.12353497390212938,0.4800132099643231,0.17454732493427375,0.32462550457782274,0.3833080119408955,0.24884753782372435,0.37221592806831516,0.41942280569772133,0.3308068589313552,0.42592100399031496,0.11015149466585526,0.38075955042704623,0.43968565952445576,0.14002789826814682,0.3535812240502771,0.38682620010417046,0.10201528560879296,0.21675556029706886,0.25019526445907075,0.33753111584084783,0.31280207798573356,,0.3298083311928665,0.3558994651858774,0.30976676885726867,0.2876097345834267,0.39515865666460764,0.3401505477100287,0.37632765984512,0.41327518992001566,0.3247897016515092,,0.32325485852352753,0.3613778390156545,0.3911034171237559,0.2912904553885275,0.329283631642091,0.3281902004209166,0.141985591992124
黑色金属矿采选业,0.23927719485266474,0.28000026667047473,0.37256122138119663,0.32939198125961644,0.17432108539118987,,0.39056099571747627,0.525951918653847,0.37557960252446687,0.37970006903225045,0.37650693468316626,0.29491032652338794,1.0,0.4138852983458486,0.20437496091988847,,0.36190527890430085,0.24453649851494105,0.3049994087485024,0.2115962484106576,0.30548000003703274,-0.008940116886756272,0.18445595583036845,0.3873483783620558,0.3716640813464743,0.26845612744282266,0.14154445071849892,0.11057747192290636,0.1736152760166357,0.3078032948569493,0.3441144747511908,0.33255845496346337,0.3053516757768561,0.2030948758585487,-0.23488432817358035,0.25356792992129396,0.4758925419173826,0.22837211439901936,0.23224318728409352,0.4496726417735673,0.11763398449515869,0.4802518432586431,0.17642418091351808,0.3023212727599943,0.4173104595464885,0.19414936525838247,0.4276081684931249,0.3611419539998594,0.36257555601522645,0.34072239829171264,-0.17365546731770284,0.44987117411815636,0.41566548392939656,0.06712753473640037,0.21884528202941728,0.4896444249831464,0.14706480441316022,0.2795596179821667,0.08575934002221622,0.3943023257857344,0.4103084440744214,,0.3434999385747058,0.2874463530528965,0.3225323217440295,0.22351999739997314,0.49948568503309315,0.3125750415077537,0.36495983345622757,0.38275742150560854,0.23596899271317798,,0.42243946170276764,0.35731209848495804,0.36690601026800673,0.31286803533786284,0.3073925135154237,0.44333827958038174,-0.017348762816573944
专用设备制造业,0.5076666377446221,0.5521733278477837,0.4522405019534678,0.724572651488232,0.4001054484410268,,0.6475341095481011,0.6023738739071797,0.47031632742533225,0.5631347479689018,0.6795481654442321,0.44344963591313163,0.4138852983458486,1.0,0.3493185372074139,,0.6065078878795798,0.42970385886146095,0.7059857974746546,0.40860862135014947,0.3861181121326262,0.2379942502883703,0.39999975988025505,0.6102551526667941,0.7357827460747599,0.5070687372576822,0.44281379123468173,0.30079603655510584,0.41956586873170093,0.40655444949331054,0.6639278548569004,0.5160348023615066,0.3708465595110671,0.5435890228596536,0.11001884976730603,0.5080207524607454,0.6811629122192095,0.3125145740393715,0.35991789682944614,0.7215738674967708,0.14005778969846644,0.6941048092879285,0.4578686833771801,0.44067977614120446,0.6284251584465536,0.4773324141297434,0.4750870681012713,0.6221456784118403,0.5398314645642788,0.6834662132258307,0.10502368606052007,0.7036698489071923,0.6840079604070896,0.27318701283311975,0.5064072372053738,0.6171206002350518,0.26507101818788736,0.4392683466319142,0.2710198643999491,0.407286296033125,0.5990887988142574,,0.4667496254347634,0.48986193873778056,0.4824351128288717,0.5383074172051563,0.7250870636337251,0.6019281707671361,0.6193434207923425,0.5950428155262487,0.41861489263538004,,0.6229372084883393,0.6166037848835411,0.6233279941938757,0.6689578083108919,0.7589833420017119,0.60799373047145,0.18772799267363158
黑色金属加工,0.37252544476052063,0.5030284349679975,0.4872418747589963,0.42177028760437224,0.48499538804763764,,0.5171009686420774,0.26472601771903326,0.27881905744334,0.4330049059751081,0.4640466730587077,0.2776765186263052,0.20437496091988847,0.3493185372074139,1.0,,0.41695319834420885,0.03959621772329668,0.3696676245707237,0.359337793093628,0.24750873309285815,0.6555291777421651,0.20505121556807826,0.5948651732830842,0.3597038017299985,0.40997227405611086,0.6903628896166264,0.38356943491663986,0.307564979179126,0.7139993401843192,0.4049709125754072,0.4112482168464042,0.33348477792037234,0.3700914217089272,0.3873118063751321,0.19894390908064957,0.5625663872090841,0.2135436467634757,0.23475763969228108,0.5153952442332647,0.21370059577700895,0.48577784419081976,0.1663722045218999,0.6436554053161364,0.32676418359607273,0.11911327393074235,0.5367560900232096,0.38480236869194234,0.2831736910854269,0.3629929016988391,0.4455282350450815,0.459734683320949,0.5000026391399749,0.4824348801631998,0.42970269188240245,0.4272787909113311,0.12746253485057119,0.23379576603041607,0.3626313254760668,0.47692917042088756,0.3805787687649247,,0.42031670256819564,0.6072217634458004,0.3294663403536125,0.4160829054394472,0.46326964741153004,0.6036552240186328,0.34140478611429653,0.5011479303030989,0.3151717478206316,,0.32436037031862014,0.3928710982979801,0.4286872935835938,0.25072953035765205,0.33908817875491637,0.3533872670989776,0.3728168800949033
机动车、电子产品和日用品服务业,,,,,,,,,,,,,,,,,,,,,,,,,,,,,,,,,,,,,,,,,,,,,,,,,,,,,,,,,,,,,,,,,,,,,,,,,,,,,,,
公共设施管理业,0.4702830349602577,0.5484112087163086,0.4643851959204718,0.5884967232766164,0.33433212192858225,,0.614202755466386,0.5318196605289939,0.41144881255287774,0.5676896985980179,0.5615695128534952,0.38393089858187435,0.36190527890430085,0.6065078878795798,0.41695319834420885,,1.0,0.2823008015557104,0.5651545964751331,0.3747455954473447,0.42226405393938105,0.27278730966399006,0.2636636767872257,0.6249537947763033,0.6096098218219648,0.5510524193570723,0.4758974790338683,0.19711390788285074,0.3634646820420798,0.4640334898293546,0.6303275939485934,0.5306187256795732,0.3449638189496034,0.4523463412546748,0.10978178190165566,0.3377151224901105,0.6395623660991916,0.30225597470089294,0.414597792608435,0.6349656679289172,0.17513412811874662,0.6146459648883553,0.3342496485740821,0.4619340719474301,0.5400871130770472,0.2875712083309331,0.472471429745166,0.5394283506487692,0.42477319357666576,0.5301770486600048,0.11800982662821842,0.6710991249644761,0.6940835231181662,0.3493665914870549,0.5205295345921663,0.5755504936010404,0.12972488467167004,0.3206650963284065,0.2840429127711355,0.41829051233153813,0.633808010534391,,0.44080099645968696,0.5107416737711487,0.44283561906993146,0.39618384154787606,0.6665822596513818,0.5637528488052428,0.5611164858179285,0.5802413197871849,0.4301115350699095,,0.5082714669716906,0.488092373892981,0.5932480231794843,0.5414971701417969,0.6703011034770335,0.5261392539584288,0.2532265607279472
卫生业,0.27549455420596364,0.23930662309353473,0.13073131029792873,0.3554254932590982,0.19822148334567374,,0.3178503411603906,0.36336719527330213,0.1787293021880919,0.31122958722222466,0.2730294916086412,0.19882999729697926,0.24453649851494105,0.42970385886146095,0.03959621772329668,,0.2823008015557104,1.0,0.35074557934532385,0.2060504425829484,0.32363329091093823,-0.07099800447489464,0.3688168432493554,0.26478925254923585,0.40438254325504147,0.23530950329344494,0.12403729157870057,0.02326208781989286,0.21554780181698696,0.11366320725004797,0.3577000199031885,0.35115382203896817,0.09510959969844596,0.24987640003314907,-0.09609916407841539,0.3119850238023185,0.31919351564339754,0.1615705148859273,0.20365270486861414,0.39209901704984035,-0.07850946385601308,0.36645264816197565,0.31837608347190854,0.14452274951653968,0.3607445605238956,0.36481099691272284,0.17505387595609126,0.3114019053050054,0.2521477907515592,0.3783958166771596,-0.11673775723554043,0.42063932623127753,0.32803734926031797,0.07738573713441822,0.2413214652190167,0.3182898047042862,0.22014782288464124,0.36707645769228736,0.003546817459473405,0.11204393647848383,0.26749266731422744,,0.2527013401708799,0.18637756131664532,0.26624791219867855,0.20023089148304343,0.43381376956367157,0.20554587437394176,0.36347196337915305,0.30429490738962084,0.22503286066032402,,0.41892509262926264,0.36138743043120886,0.3383286612580089,0.50142250411281,0.48356641578158277,0.32088823971019553,-0.07249849976460562
计算机、通信和其他电子设备制造业,0.41909372269466705,0.5249404970617465,0.40949275195109497,0.7231456669276461,0.4522236245659858,,0.6314321055593283,0.5496523432265241,0.4222741246536496,0.5019810350129551,0.6186107700820008,0.43162820465912427,0.3049994087485024,0.7059857974746546,0.3696676245707237,,0.5651545964751331,0.35074557934532385,1.0,0.4352759277642203,0.36972974176638085,0.23836117123061207,0.35356358594946563,0.5619755010789053,0.7649123279110731,0.552541821615688,0.49563200071703917,0.2531259076689779,0.4665406999379087,0.40731228816236975,0.6178831934475696,0.5618531619798358,0.29474537847463356,0.6258653240141312,0.1592714544212242,0.47827111468661865,0.6352893511540255,0.2721118730569881,0.3377374078021981,0.6990953150005815,0.17745075328825502,0.6609466813030647,0.3867218116433778,0.4481222186333934,0.534249380965569,0.41040197820460617,0.47835537676671946,0.5105307103414826,0.3781339657382735,0.6436580586765198,0.14009211956269782,0.6519902341144281,0.6199647098728671,0.30027620532776395,0.5455796129276604,0.5379770004072494,0.1882657234967242,0.42737758985892155,0.30526415476310426,0.38622742253458614,0.5599544826102323,,0.4923020022973098,0.4840121382535158,0.45474421680407257,0.4089214574194899,0.6788717378091664,0.5436962276088054,0.65584302920412,0.567493820645632,0.3926250552920899,,0.5686872889149445,0.5379652887877187,0.5890385941955001,0.622322297772199,0.7322323332415324,0.5616338987320303,0.16454115136658695
畜牧业,0.34834149230167133,0.3788047041983521,0.3036433911616811,0.40779842228865537,0.5621975473335747,,0.3734936714793316,0.3734197704057402,0.3014838499061146,0.3910530154765485,0.4226546051528474,0.29227372885590686,0.2115962484106576,0.40860862135014947,0.359337793093628,,0.3747455954473447,0.2060504425829484,0.4352759277642203,1.0,0.27174146616233275,0.35788340599799445,0.15081050561449447,0.38340968955776983,0.47614066940729083,0.39649975118961395,0.41835356946229113,0.2778670119124054,0.3576036270084196,0.34975113675268876,0.41712681878480784,0.34751505959713,0.2693909569363402,0.2808359245293832,0.0841276807046873,0.30260953516271305,0.4784976810632127,0.18635909491662775,0.19942169376312394,0.47240525646369247,0.16410965457161888,0.4871525599441152,0.3070213235084717,0.3266369142984397,0.3533964121383159,0.2655632128777311,0.4505848218284618,0.2535969573373133,0.36385287130703564,0.4574449560100651,0.07248066867735596,0.4114120414909525,0.4748023278086189,0.2520085098714369,0.3099876536322178,0.4011492561051713,0.14366553270606844,0.3434180141221142,0.14727791439187454,0.3425510917086526,0.3626233720543234,,0.35524270397238744,0.2772643092704116,0.24185239246778986,0.38377823751494466,0.4365478264990366,0.3700268894521129,0.37011712263912155,0.4555131531812195,0.2548967967117291,,0.4157503382022924,0.36278205350221726,0.28635401205521765,0.402769486584597,0.41691413434083496,0.3824294041561897,0.120924798929959
餐饮业,0.2925475492559005,0.39191732063013657,0.40255895751645043,0.4206943914647603,0.24865637224493603,,0.4098872748339689,0.35406587605001855,0.3063893798881848,0.37549701322575013,0.33455835619468555,0.2363777254705212,0.30548000003703274,0.3861181121326262,0.24750873309285815,,0.42226405393938105,0.32363329091093823,0.36972974176638085,0.27174146616233275,1.0,0.20969956194063596,0.24069504862540808,0.40066859432210755,0.38865722955925647,0.3927214619626411,0.29111468930713064,0.08632653442780988,0.23717908683295386,0.23628490176187858,0.3322617887016943,0.37091822065950963,0.15914032657167904,0.33294972350053786,0.06415322521005645,0.23743524146898182,0.46832471271817133,0.19044188853285296,0.32468490682765616,0.45850495870896824,0.06082226647738487,0.44139890487235484,0.2680542875096746,0.2267355657082159,0.3892024475194327,0.3602631866365055,0.3578486052769123,0.32231807439520194,0.3531204942785482,0.3332108637583284,0.09045937622390554,0.5161546892439057,0.5097475152271559,0.18639771715016973,0.31171027106457605,0.37945350276064505,0.050862642137422,0.34189697318921963,0.15495655674670106,0.30637572818626413,0.40300245847170796,,0.2604749865032774,0.2981707555709615,0.3526849759110276,0.3199351723444793,0.4597600501530912,0.3830313582912708,0.3864190471415655,0.4555050426286889,0.2764414795140631,,0.3490900201391506,0.4259393302502788,0.38572938028500087,0.37476961989391633,0.4429489542273104,0.3687451652095613,0.14344278062835503
煤炭开采和洗选业,0.28260369556847864,0.42943245918716966,0.5445695907200605,0.3444584469631034,0.453239094055539,,0.3584249987371141,0.1883695073989128,0.16321855834125495,0.32556628134530674,0.29872891008796193,0.2118653076414838,-0.008940116886756272,0.2379942502883703,0.6555291777421651,,0.27278730966399006,-0.07099800447489464,0.23836117123061207,0.35788340599799445,0.20969956194063596,1.0,0.07455752428514584,0.37976542806659797,0.2198657543551123,0.3571880834420238,0.6707690650620101,0.4093800308010641,0.2338001751057056,0.46082389904974475,0.19457037876959013,0.2236725778732444,0.3723400092008612,0.32636084186446607,0.5445917275753486,0.1033670139570631,0.43668396862302006,0.17529925841439928,0.1956732674887564,0.4398204660925094,0.3190517922350509,0.34553048898917355,0.12582915484745424,0.4959578615200703,0.23122941172164693,0.1235012792884236,0.5506353151019578,0.24669378434714304,0.2517514278708224,0.33134614759001607,0.6556017420107042,0.2960649888178493,0.34814177024667875,0.43655231718756143,0.341868523096112,0.2783544003184239,0.0901097999666535,0.13372212846805515,0.5182473015638628,0.5803798900374272,0.20526933389248955,,0.272126473437047,0.3314687788327777,0.2896173043003494,0.4464420045316546,0.27413462304593345,0.42263308779010417,0.23428757963836946,0.3872409136365426,0.21125739528691742,,0.21334677505909722,0.3151372412051559,0.3119967919644176,0.14993503238247013,0.21908230726536046,0.22449145098547857,0.613165654018384
研究和试验发展,0.18954690914350042,0.2919277785040826,0.17255535575793646,0.3835985378513205,0.10282687478705252,,0.3508928426844673,0.4071673847088878,0.2675545561137033,0.2038495878062718,0.3305093027320765,0.2369911669014809,0.18445595583036845,0.39999975988025505,0.20505121556807826,,0.2636636767872257,0.3688168432493554,0.35356358594946563,0.15081050561449447,0.24069504862540808,0.07455752428514584,1.0,0.2936898529845574,0.35226496326683493,0.19163808045767303,0.16420912391937725,0.04733675519994584,0.15264618943870273,0.22969474280533034,0.3620892322702937,0.2874061051680416,0.08638138471051324,0.3068466554995508,0.013324767679835618,0.4067947619209036,0.3087128837952624,0.17579443188615543,0.14679258046098023,0.30632336946260214,0.02141891929742204,0.3192457629383154,0.2732443015912167,0.23450867894730354,0.3456541766588921,0.2782849678452038,0.2688892627608949,0.2563476275985402,0.24176496335832406,0.25462974866067617,-0.01711545979024134,0.34313403387733205,0.282516310671938,0.13939853468434382,0.2595630996680643,0.32123909824753377,0.08446422768333912,0.182451696389349,0.13302172378839733,0.2117082168778963,0.2717358062967884,,0.2559573617456322,0.26696288826787024,0.1863297541917199,0.2539576150749152,0.40050698629930603,0.3221540783459655,0.2949153876247389,0.28605641053484226,0.23931822451340057,,0.34420047382577157,0.31030360469600937,0.3269181393510412,0.4143798550299251,0.43625330173223287,0.2663341523533772,-0.00356913625228653
道路运输业,0.5382227030078417,0.5694071563706797,0.5699230042623793,0.6294325578110366,0.39240375428272817,,0.7032304218439024,0.47726780144969133,0.48510474606472453,0.5271699189163452,0.6157690227809485,0.45340434690267895,0.3873483783620558,0.6102551526667941,0.5948651732830842,,0.6249537947763033,0.26478925254923585,0.5619755010789053,0.38340968955776983,0.40066859432210755,0.37976542806659797,0.2936898529845574,1.0,0.6137628027487191,0.5098306128277459,0.6218436899422519,0.25866363127958175,0.5065327562234734,0.6963725758910628,0.6566160060593205,0.5740768490957276,0.34963828076477504,0.4767033207017096,0.20201514293026082,0.4383607625996275,0.7666394940631895,0.34192432516717824,0.4436429631152726,0.6844867378776447,0.28136213503397317,0.6810260000596531,0.2822550905724604,0.6346044820750196,0.5466078803461766,0.29004018205116355,0.5157927212476742,0.6507013591946,0.5025767175590348,0.5704796912157915,0.24180891692437506,0.7340861380979559,0.6973388988264222,0.5161010362602307,0.5938377420013586,0.6277199685644811,0.16085799709287255,0.4104832415041298,0.41936551462781246,0.46588186238109447,0.5904256899703766,,0.5039198696162795,0.7414641382213686,0.43503238526928145,0.45984988789097936,0.7087992266888481,0.6693303448261722,0.5930992370216546,0.6656062359173625,0.4054267725661534,,0.5524048732198183,0.5776189310919926,0.6681932335613632,0.5388924198831222,0.5875861623838786,0.5620299720379421,0.310323710860538
仪器仪表制造业,0.5092146448604811,0.5557562338906535,0.4546853898099318,0.7263043904475055,0.46455693727336567,,0.6810164592407947,0.5918700533599579,0.517384816562628,0.591339607597503,0.7142669212022345,0.3880374781294235,0.3716640813464743,0.7357827460747599,0.3597038017299985,,0.6096098218219648,0.40438254325504147,0.7649123279110731,0.47614066940729083,0.38865722955925647,0.2198657543551123,0.35226496326683493,0.6137628027487191,1.0,0.5423878794706575,0.4564345172803771,0.3088479810801329,0.48541190275364876,0.41267592025129646,0.7208027075715118,0.5891038490858006,0.32353207092321074,0.5852324245943679,0.10774406454699434,0.5067289216288186,0.7045046431091926,0.28249955200079285,0.3985774776430359,0.729828231961417,0.18692871916918102,0.6976634555045056,0.48710088553796616,0.4540539125847397,0.606432630076914,0.460164038964945,0.5002007261673544,0.5542986182509765,0.4692099896850313,0.6463858275679403,0.07309118030672995,0.7481666932802249,0.6984304468918863,0.2613207639328126,0.49760223761988204,0.61077827365923,0.20129018314737937,0.46864508094254237,0.24121623057037278,0.3778932933543908,0.6189819492913533,,0.520777368962886,0.4512492856982045,0.48653241482737786,0.46208045438587575,0.7224364042468159,0.6184701648331173,0.6350658872034157,0.6915949402482484,0.4873353988575429,,0.6313949848540702,0.5759043592424754,0.5966935573805752,0.6379993358963395,0.7766358549066343,0.6271384348606118,0.17355875684251126
建筑装饰和其他安装业,0.46614544930620305,0.5293121442536152,0.47700179961371764,0.5893070993296096,0.424612266948066,,0.564413820272459,0.43892341994725925,0.4199031217718259,0.4592423549807117,0.4942989377076334,0.303759221397853,0.26845612744282266,0.5070687372576822,0.40997227405611086,,0.5510524193570723,0.23530950329344494,0.552541821615688,0.39649975118961395,0.3927214619626411,0.3571880834420238,0.19163808045767303,0.5098306128277459,0.5423878794706575,1.0,0.48048455988402883,0.2255122537545753,0.38463505783527807,0.4467073119108269,0.47438373192286526,0.494466682208909,0.28610670488806744,0.38650201531519607,0.11762678450504191,0.3254191146913996,0.568791465905442,0.210745754664198,0.34077072335818975,0.633160804082719,0.19667113821463467,0.5828331340457589,0.34554127458100026,0.4669877407772809,0.49266741825372584,0.295133806343667,0.48768236065947684,0.4608208215011792,0.4195873680713545,0.48112739247612657,0.12559783306616049,0.577595385851399,0.6192377685368867,0.3306785376864724,0.4346507119177868,0.45545938298322297,0.16887490468251473,0.3701096366637229,0.26960792050432025,0.4575497941511097,0.5133275281640116,,0.43156982227025065,0.4301022928311924,0.4331718060555346,0.361694944701194,0.5694280980765007,0.5031083997506113,0.45704739967984914,0.5830781794105351,0.397726167031962,,0.4682806948416513,0.5105488481689164,0.5191875339060305,0.47652863476681123,0.5712093549333976,0.5462018883092058,0.2503303719799641
电力、热力生产和供应业,0.4309020574678386,0.49696666976247056,0.5357749706935447,0.5156322256975665,0.5775404509444365,,0.5828201485920961,0.3025603075918817,0.33074250646441844,0.4749804201221498,0.5677565295205945,0.34785248178414346,0.14154445071849892,0.44281379123468173,0.6903628896166264,,0.4758974790338683,0.12403729157870057,0.49563200071703917,0.41835356946229113,0.29111468930713064,0.6707690650620101,0.16420912391937725,0.6218436899422519,0.4564345172803771,0.48048455988402883,1.0,0.4313585056372355,0.4417393624118283,0.558684265055713,0.4318059637116902,0.40644405435716263,0.4416045556290071,0.4383083632991136,0.4364420513066028,0.2307628325086899,0.6309901207785925,0.22058730837651766,0.23805763072301325,0.6065767929662915,0.2797803196502749,0.5383373362409379,0.17614020360567378,0.6255041192695626,0.37874743285015516,0.20553535889962102,0.5389171790814081,0.5259844734709084,0.3761239726539201,0.4883650936430696,0.48130323738663683,0.5117381255787793,0.547191661471646,0.59127109236238,0.41699755631796703,0.43406841848130373,0.14169997917292435,0.2733283567661956,0.40968996486039283,0.5096933971488425,0.41224879471048825,,0.46579062000647237,0.5792356587008851,0.39030816849249284,0.47070675045871924,0.491251122412362,0.6397088247348194,0.4280242113733074,0.5772455107319686,0.3223153015911739,,0.42965411270844805,0.41400074000263354,0.49894998474799707,0.3454147562233178,0.4152797350780072,0.44880121205057427,0.4305936232749513
农、林、牧、渔服务业,0.279634525110177,0.3327433996017277,0.2942986733594889,0.25856429658110847,0.5365871551117717,,0.19145448510391863,0.24242198134263337,0.2678517547607625,0.24316527902207447,0.294507224894683,0.18754120407858224,0.11057747192290636,0.30079603655510584,0.38356943491663986,,0.19711390788285074,0.02326208781989286,0.2531259076689779,0.2778670119124054,0.08632653442780988,0.4093800308010641,0.04733675519994584,0.25866363127958175,0.3088479810801329,0.2255122537545753,0.4313585056372355,1.0,0.21037133451114717,0.330708782855521,0.2390580571480488,0.26311042693784154,0.25147816608860823,0.17716178952536044,0.1402568329187891,0.10376496812722572,0.37285452257667795,0.1255920780138919,0.19494802772339206,0.388970541096902,0.22740668149521281,0.3279749471603975,0.2502915324042536,0.36238108102933386,0.2630301870460344,0.08776947011525736,0.344158689240285,0.280497664137196,0.2223647477082304,0.27932472342484077,0.2908506361605761,0.27191123368486275,0.31406937711863137,0.1723536763747456,0.17452744500227346,0.27325264539321936,0.17812381979760725,0.22266185970415692,0.09688259268731009,0.3325894527698831,0.26987696637572844,,0.1922047713511701,0.22265674569772204,0.1567305249504481,0.33894167824795063,0.32117775443611596,0.3499117614315174,0.2730615194875174,0.3646540871196681,0.2114451772794509,,0.2709769961514619,0.2361531347533433,0.2390742697540104,0.1736584714714776,0.24991576987484904,0.1936933377172068,0.21015804782949524
林业,0.4016706190760646,0.3555811310007186,0.3055684214870159,0.4280781879124967,0.3545974495714371,,0.4872941210798845,0.2914029107354901,0.3309371779856657,0.40568949720090036,0.4631665126382249,0.21108743579623393,0.1736152760166357,0.41956586873170093,0.307564979179126,,0.3634646820420798,0.21554780181698696,0.4665406999379087,0.3576036270084196,0.23717908683295386,0.2338001751057056,0.15264618943870273,0.5065327562234734,0.48541190275364876,0.38463505783527807,0.4417393624118283,0.21037133451114717,1.0,0.38913446727229795,0.43105525274549467,0.438258382099261,0.2646225305597748,0.2938630921533536,0.08410828349967295,0.2699901025238787,0.4758033049849176,0.1503450644562219,0.21830458747229303,0.46339507025061305,0.16683609609275152,0.4557012802104568,0.22647295320581529,0.3303892395025802,0.38584146334469194,0.28100608237050784,0.35248989843159767,0.3596732637700685,0.3645229437997161,0.40889786166780634,0.11638891393306484,0.5013445659607736,0.41469103322218925,0.2713047130354453,0.39318332020501556,0.32897080653236316,0.13047122786292256,0.25406134974754707,0.19979627232115463,0.2906007185576395,0.36058110701581225,,0.37553502647909326,0.45142135661251104,0.24967124636934998,0.2444864898627851,0.4794973334563103,0.4827044412325438,0.32477756717265244,0.4320659953443738,0.282255882994021,,0.3905067928499357,0.37605226993745394,0.4467020871806576,0.38428299373880775,0.4095993580150269,0.3850660836192007,0.16574097851200606
