,家具制造业,石油加工、炼焦及核燃料加工业,非金属矿物制造业,通用设备制造业,农业,建筑安装业,金属制品业,邮政业,其他制造业,燃气生产和供应业,生态保护和环境治理业,住宿业,黑色金属矿采选业,专用设备制造业,黑色金属加工,机动车、电子产品和日用品服务业,公共设施管理业,卫生业,计算机、通信和其他电子设备制造业,畜牧业,餐饮业,煤炭开采和洗选业,研究和试验发展,道路运输业,仪器仪表制造业,建筑装饰和其他安装业,电力、热力生产和供应业,农、林、牧、渔服务业,林业,航空运输业,专业技术服务业,仓储业,农副食品加工业,铁路、船舶、航空航天和其他运输模式设备制造业,石油和天然气开采业,电信、广播电视和卫星传输服务,零售业,文化艺术业,房屋建筑业,电气机械及器材制造业,酒、饮料和精制茶制造业,化学原料及化学制品制造业,教育业,土木工程建筑业,纺织服装、服饰业,文教、工美、体育和娱乐用品制造业,有色金属加工,装卸搬运及其他运输代理,食品制造业,商务服务业,货币金融服务,纺织业,木材加工及木、竹、藤、棕、草制品业,铁路运输业,租赁业,皮革、毛皮、羽毛及其,科技推广和应用服务业,广播、电视、电影和影视录音制作业,资本市场服务,有色金属矿采选业,橡胶和塑料制造业,非金属矿采选业,废弃资源综合利用业,水上运输业,汽车制造业,开采辅助活动,综合,水的生产和供应业,印刷和记录媒介复制业,化学纤维制造业,渔业,体育业,新闻和出版业,医药制造业,批发业,互联网和相关服务,软件和信息技术服务业,造纸及纸制品业,其他金融业
家具制造业,1.0,0.7166228512465326,0.7620560406632536,0.7798780568596957,0.6692828912461164,,0.7331077069338763,0.32679356998644277,0.5918647335651162,0.7318205409938559,0.7161944787705025,0.5614264288180888,0.6713834340231819,0.7959006661746212,0.5585016153114644,,0.7412985283832249,0.6790293268628834,0.7641415457647596,0.3562256742086934,0.570635584608138,0.48937256218839087,0.5824347342714968,0.6337992219023745,0.7572214813602963,0.6282566337604082,0.6883045565815928,0.6704553201027917,0.4633341329230764,0.5597511541873756,0.7393050245868237,0.72166490427931,0.6628873679712026,0.6941565371323606,0.4608920986427647,0.7210210752876922,0.7506668060402955,0.7820924224731967,0.5482379369200093,0.7668770458809854,0.13949326822884128,0.7451369528268703,0.6871390363706037,0.6265368592323945,0.7162101634583552,0.7681135912134825,0.6912426845223222,0.5868420173048828,0.7101207900085621,0.7784594715332522,0.37804015052040224,0.6856545111575924,0.2460213226338746,0.6125279014938068,0.5177158639469981,0.7110240604118235,0.3893267141558153,0.5442122728922305,0.6847008555308156,0.4910652445240599,0.737671516313545,,0.6228103868748818,0.6663319351234694,0.7571514311856927,0.587461623518883,0.5647251356325386,0.7086523998636839,0.7845688306146,0.6681678263811961,0.688785770557363,,0.7523513579128955,0.7304396125065766,0.7124999754936102,0.7858138070926601,0.7969571702215251,0.6105341676960228,0.5196484544147826
石油加工、炼焦及核燃料加工业,0.7166228512465326,1.0,0.846885671207912,0.8627870550220471,0.7564322816893169,,0.85682522481681,0.36708788775935164,0.6559526664409326,0.800852873652833,0.7862480122258473,0.600670854664763,0.786366875715638,0.8506267019545835,0.6449217179220322,,0.7982978695927854,0.7249937952715593,0.8323966638391822,0.4773348092703949,0.6586792418417722,0.6666180678144269,0.6591634994604187,0.7223894363575836,0.8183955439665184,0.787632031404527,0.7925285322830946,0.7126547358438563,0.6203576730725786,0.5905697031059286,0.8046898595148112,0.8174529370944951,0.7341342769957256,0.7898938897067485,0.6106600523540398,0.8009525523706323,0.8068120878588155,0.7643974926373194,0.6529506265508698,0.8337587489015112,0.25470914723834187,0.8298001053419141,0.6453594364822163,0.7250414688486513,0.7720952980279235,0.7348117192285125,0.7623336143593321,0.6777727872173436,0.8065547807820356,0.817484669107069,0.5010686577407155,0.8036496274556967,0.3033745580720111,0.7076749612756871,0.6043889466251944,0.7657289171552312,0.36003213373625736,0.5948112997236044,0.7533071289998093,0.5749668440706884,0.8055482966920087,,0.6357340550323629,0.7420311780358222,0.7918846666146674,0.702774331049959,0.6780294589696959,0.7778247320561857,0.8168674946323549,0.8175668781149444,0.8120308609502165,,0.7548495638548068,0.8121088054350417,0.7968347419572829,0.778763981263959,0.8027503315737381,0.6587986974922173,0.6298618156820969
非金属矿物制造业,0.7620560406632536,0.846885671207912,1.0,0.9111462302453092,0.7996000056469323,,0.8809759104426017,0.3572802399259209,0.7200956387326545,0.8768308161027608,0.8654672944504367,0.6522540226996131,0.8238602015159175,0.9125160623291425,0.6683116571788231,,0.8484747176563385,0.7925490733373531,0.8869004184719035,0.5063647510262448,0.7001740649358622,0.6922781810740245,0.6954111071609195,0.7601156644518579,0.8829275916398924,0.7658021847590648,0.8552696887561307,0.8011373012435176,0.657335582167552,0.6439411436926556,0.8467435780679193,0.863050268177032,0.8204065418106247,0.8427556966668625,0.6852201206275506,0.8809682448028727,0.8900335245640181,0.8286655663606752,0.6719408382620693,0.8988199181252247,0.276704838633333,0.8940536217921353,0.7170626736277029,0.7933785533116674,0.8355146397807064,0.7898079975071383,0.8065184558559912,0.7076951019196067,0.8360770382759772,0.8887124289891999,0.5795441264104257,0.8678245432667663,0.2982653804889592,0.7876462110982564,0.6709534397506761,0.8024641411090898,0.4822200891582799,0.6597554539701338,0.824484767065034,0.596140661686471,0.8621232060908983,,0.7095229654123922,0.8462853569516038,0.8611882375267008,0.7814097537402969,0.7015127011237655,0.8464212456989548,0.870394326742445,0.8643794771576316,0.8607811682853342,,0.828021325516148,0.885174779270222,0.866491851841637,0.8492972816828782,0.8617998818984189,0.7335848300655466,0.7167836742525526
通用设备制造业,0.7798780568596957,0.8627870550220471,0.9111462302453092,1.0,0.8471188749942333,,0.9141496658405099,0.3944169263803457,0.7249120180168939,0.8990382031400568,0.8924149060786751,0.6924819164569348,0.837255429125813,0.9580399746196065,0.6651277844401712,,0.8899145724180785,0.8299775419190427,0.9288023782281367,0.4838548865801241,0.7061067275232273,0.622401141246306,0.7298768014184793,0.8174627645910483,0.9170569064999463,0.7643028876321727,0.8600920748327472,0.8199932730616043,0.6396117193872533,0.6740948886715367,0.8976665426703108,0.8910983751381504,0.8229182808462284,0.8726802451683308,0.6340253267976885,0.9004930767560629,0.9054948347453632,0.8728692306290288,0.6734649832163015,0.9373311306105809,0.2671629633681121,0.9337864925673675,0.7746222013037735,0.8116198684960582,0.8676090907918145,0.8155547929142489,0.8138150189359278,0.7583757994495456,0.861462023960499,0.9184364778556292,0.5244485695481738,0.8990379050663356,0.31395036153233435,0.7811601840534995,0.6941836925324061,0.842645701081532,0.49812697077958473,0.6820416459918387,0.8354833706550369,0.5649072052540256,0.8966522101166275,,0.7401251585448589,0.8444940667479719,0.8821351652380284,0.7980529721355739,0.7025301824477215,0.8604829244488876,0.9055111218011875,0.8608265872632044,0.8690207659337665,,0.8605108249762499,0.8918472259955386,0.8920167811629016,0.8818818593346245,0.9253977300001625,0.717070085708387,0.6938485720900182
农业,0.6692828912461164,0.7564322816893169,0.7996000056469323,0.8471188749942333,1.0,,0.7978173395692757,0.3433848705489849,0.6563203761363527,0.7742897727007334,0.7963472257657707,0.6671788602247561,0.7568351171800625,0.8221323045897184,0.6382310252969904,,0.7987174652965089,0.7603392576456635,0.7965785359185744,0.48165293511632545,0.6729249291021531,0.5962895404614414,0.6478043180421504,0.7389785224811465,0.7951807762939288,0.6888024958136256,0.7915090904058659,0.797358548267179,0.5695254825260445,0.6367950951326736,0.7790821831991507,0.7885710515005255,0.7810853757272382,0.7867986836895177,0.592490428199706,0.795678479778043,0.8128334686799573,0.7549414381481272,0.633400651526279,0.825184378646479,0.2896205492876894,0.8083403133410529,0.623570806475643,0.7321797678826907,0.7867025790132883,0.6806983921321198,0.7242158680495521,0.7409541017904482,0.7987040228707207,0.78318073234003,0.48243660652215126,0.825348877952591,0.27299083561606036,0.6965495685062875,0.6408227111899195,0.7230190970832735,0.4224942476596503,0.5645429442484028,0.7742884833393822,0.535575603051298,0.7907101937332232,,0.6975779994581055,0.7518108748862875,0.7985224196525099,0.6828088239398387,0.6455255000857969,0.7912641564116492,0.808462849081972,0.8274943414660366,0.7698972023935096,,0.7574449121241086,0.8182131520398834,0.7998115802328237,0.7263153002551084,0.7699540278439956,0.6294442859876218,0.6468234321516485
建筑安装业,,,,,,,,,,,,,,,,,,,,,,,,,,,,,,,,,,,,,,,,,,,,,,,,,,,,,,,,,,,,,,,,,,,,,,,,,,,,,,,
金属制品业,0.7331077069338763,0.85682522481681,0.8809759104426017,0.9141496658405099,0.7978173395692757,,1.0,0.40965646684894325,0.7153666317042031,0.8582077732240678,0.8646092394793784,0.6456798131070228,0.7969248279185278,0.9206346378557886,0.647978536466258,,0.8469876184091998,0.8001279885813583,0.8928354148683713,0.4875166048828664,0.7228310551737804,0.6319777491189998,0.6746953011213748,0.763684056843124,0.8816899042181344,0.7628019717366014,0.8239372517253677,0.7916599153987733,0.6467666916755301,0.661117809583617,0.8669751741716829,0.8538962168808317,0.7719940546190998,0.8151046617407997,0.5974012336668217,0.8592823949987217,0.8561207038118374,0.8159060495914182,0.6804146532673738,0.9128740249790992,0.2778372472153873,0.9043027006534251,0.7198301301161584,0.7622770665577481,0.8337270076136339,0.7736219913552398,0.7956654241844646,0.7161570248809923,0.8389607119275533,0.8733810917896278,0.5157127016397325,0.8448050824294742,0.30851936157502524,0.7325088167054163,0.6750362375827909,0.8091899075763493,0.47382851239064083,0.6994056754809729,0.8121435010852592,0.5431803577707178,0.8637548704670069,,0.6790102324574127,0.7952168708113403,0.8812221444983677,0.7500707474465599,0.7269103074778204,0.8459485270783917,0.8680315856599173,0.8318372053194881,0.8246733073173753,,0.850343929292532,0.8766563871184749,0.8652131847478146,0.8377146924050728,0.878381052334074,0.715327358929905,0.6838944537797365
邮政业,0.32679356998644277,0.36708788775935164,0.3572802399259209,0.3944169263803457,0.3433848705489849,,0.40965646684894325,1.0,0.26057122006972067,0.364569783761518,0.35920022210140656,0.29125116616123053,0.31820149623300414,0.43203909418750897,0.3700950542689326,,0.37813541975123127,0.3861776707778316,0.4295535343930735,0.22550894444095257,0.2674772861985407,0.19634889302527872,0.29849831819715383,0.3255118688579273,0.36537650913318953,0.519628778749123,0.2804805440517594,0.3790376451698431,0.3121922819264221,0.27886323775707317,0.3805625358297853,0.3765217514969366,0.3415984909465878,0.4064877624342466,0.193663841932603,0.31928581390850075,0.39549528467060335,0.3089151356428714,0.39817447016914326,0.37478446739610016,0.09875277376403985,0.3926716500130519,0.28468057056657897,0.3878526795275126,0.27921329496135955,0.35116693565782936,0.3542009544144454,0.32083240126397655,0.42725607956727607,0.4171832333556372,0.13832184735977507,0.42363586544953147,0.22396125760454252,0.28415858978996716,0.1646911276305197,0.33693010116823724,0.11117000087261228,0.2611379315107379,0.32146711958669455,0.31052391948448,0.4025314806150371,,0.32634708426365705,0.3511806206449743,0.370445113994403,0.3134670615622832,0.36478208834849496,0.356837993255273,0.3915549077402024,0.3230931766597999,0.3590218249163668,,0.40885921890246935,0.34522320761882036,0.3964159507726629,0.38018299107326414,0.39755549206460944,0.26160430106476906,0.2204936009774244
其他制造业,0.5918647335651162,0.6559526664409326,0.7200956387326545,0.7249120180168939,0.6563203761363527,,0.7153666317042031,0.26057122006972067,1.0,0.6783002329982366,0.6936001031051925,0.5782961449705051,0.6839617358938835,0.7331465317193231,0.5352921520800744,,0.7333317652954331,0.6832275069734988,0.6881743203013613,0.4088484015392297,0.5980605983996725,0.569871346985616,0.5748220654204802,0.6549831292763498,0.7049445143646201,0.5429610275203569,0.7419783158383401,0.6558638016386105,0.5389031539996215,0.5624302501659393,0.6786188959154599,0.6867624797639409,0.6867965294326724,0.6856012062282711,0.5418363690357704,0.6995492846620632,0.741413074862157,0.691083420367219,0.5700926170905507,0.7321648342928931,0.24141407040217824,0.7233399658857613,0.5461206937519855,0.6183786435366541,0.7082021958466568,0.5591683203482868,0.719935940805545,0.645111315317919,0.6654994357469449,0.6650091419211088,0.5163910459563337,0.7227320434608224,0.1984759738091849,0.6405319945659198,0.5861957248614384,0.6391930681080386,0.41804553986936904,0.5845542124851844,0.666732766983349,0.6684129372723733,0.6735567133985466,,0.6322709343956764,0.6622413217931408,0.7088133627566169,0.5820101385182807,0.4914893552696316,0.6748888391409945,0.7004963486074278,0.7194720521155704,0.6738976220961468,,0.6384226716664549,0.7638175903736246,0.6936610874033724,0.6926865027445297,0.6600900483685507,0.5805120710687378,0.6210763118746906
燃气生产和供应业,0.7318205409938559,0.800852873652833,0.8768308161027608,0.8990382031400568,0.7742897727007334,,0.8582077732240678,0.364569783761518,0.6783002329982366,1.0,0.8447447197270034,0.6553954266586773,0.7817553794268509,0.8923426129685406,0.6466047456872157,,0.8420961676179611,0.7789953803556022,0.8549060695412851,0.4898286084699208,0.7072358986741338,0.6092600730444876,0.7052773843585952,0.7490674134981453,0.8570447393932308,0.7179204119563042,0.8267436650627528,0.7885275096964183,0.5979093557784608,0.6379183282421885,0.8412908180221902,0.8149633438916616,0.7782198194491482,0.8014396624691046,0.6110439400981117,0.8352047160040896,0.853549328759336,0.8087547548576528,0.6753455099394761,0.8747137614487244,0.29819149492545854,0.8716157324085814,0.696132763212102,0.7527419826557905,0.8413215744630479,0.7519684567105994,0.7757031377538376,0.7394969386323333,0.8055007216907618,0.8519722168655517,0.4978075014820374,0.8499444312663862,0.28196327430425183,0.7426542991177089,0.6882549961479141,0.7793295735874163,0.49945119446273945,0.6565641243273781,0.7750816172583631,0.539623550379106,0.8649368618550187,,0.6888232069039176,0.7941395372604625,0.8413369028077773,0.7268022169747735,0.6498620656259251,0.8482384668101998,0.8491969278299556,0.8215675058075381,0.8331962671376741,,0.8207615338452625,0.8516720468342763,0.8329090917950439,0.8332254923568301,0.838104232950644,0.695358048899735,0.644625405857813
生态保护和环境治理业,0.7161944787705025,0.7862480122258473,0.8654672944504367,0.8924149060786751,0.7963472257657707,,0.8646092394793784,0.35920022210140656,0.6936001031051925,0.8447447197270034,1.0,0.667099282573893,0.7915795915569762,0.8955281838669539,0.647101696836728,,0.8356758758853946,0.8087874407897867,0.8575857302024084,0.492841263195489,0.7202035607877141,0.6402185034838752,0.7137695735543677,0.7537231653467867,0.8610908436589213,0.713283030078441,0.8274327791574929,0.8036425474093737,0.6562913462645188,0.6300312325958284,0.8448472161673962,0.8301409033233944,0.7948577082390456,0.8293572837491865,0.6199472471859424,0.8746821317377276,0.8460885708766192,0.8260032108371941,0.6514659012321385,0.8872180600470047,0.2679335723913162,0.8746611419305864,0.7198475496057701,0.7773626731704374,0.836061462360736,0.7665153397940324,0.7729370916010527,0.7121724746316355,0.8346081108498888,0.8378926730942909,0.5177671164546122,0.8541171994495494,0.23282455189266318,0.7541583238114231,0.6739878091716782,0.7983219384812258,0.4566698983478062,0.6583653735099267,0.795959333469432,0.5000176937963862,0.8277775491719273,,0.7359215063838951,0.8064744339877532,0.8614224071715639,0.7369167997415901,0.6568515024011186,0.8848029254863573,0.8563590112138684,0.8366721336264028,0.8248558829702769,,0.8221845886902128,0.8651642577893621,0.8567219420607576,0.8084606882560125,0.8550656211795793,0.693966704638265,0.6733585219304247
住宿业,0.5614264288180888,0.600670854664763,0.6522540226996131,0.6924819164569348,0.6671788602247561,,0.6456798131070228,0.29125116616123053,0.5782961449705051,0.6553954266586773,0.667099282573893,1.0,0.6442753565540319,0.7074138383290792,0.50912941293131,,0.645149329940668,0.6754069422696731,0.6695123428916332,0.2957586989325882,0.6158791054198787,0.44546223880017505,0.5730785296617932,0.808058397720438,0.6685897262051393,0.5367167692518816,0.693814510332508,0.6779288992937769,0.4815742407560828,0.5316456631353106,0.6531804041511806,0.6899585880755935,0.6702423176487595,0.6654545726611504,0.5072485617294947,0.7173659991067588,0.6990308055629685,0.6830224775404424,0.5636976011077122,0.6869901229391727,0.25314042282744836,0.6815259874737103,0.5164377731906641,0.5936982045158519,0.6974745886003082,0.5752803376874718,0.5710469121529818,0.6203468841694151,0.6701525267656144,0.6675854724369404,0.4749313865868142,0.7837594548235454,0.15105689907685546,0.6244349359130233,0.5453953004304928,0.6403270378207073,0.4829112316697802,0.4906945014894292,0.6378000202988344,0.3951594309956419,0.6643591890054824,,0.5903023453250247,0.6571682500903264,0.6309318456557607,0.5675230768459766,0.5074260583565678,0.6897069896608696,0.7346304706566891,0.6885551511723871,0.6616417031496278,,0.6783525391303162,0.6880634646076595,0.6349496585940448,0.6066741781444565,0.6541515093412207,0.5755937012974631,0.5969991641050217
黑色金属矿采选业,0.6713834340231819,0.786366875715638,0.8238602015159175,0.837255429125813,0.7568351171800625,,0.7969248279185278,0.31820149623300414,0.6839617358938835,0.7817553794268509,0.7915795915569762,0.6442753565540319,1.0,0.8228923326429001,0.6353729561800748,,0.7659482631682935,0.7414665178359958,0.8118606291367297,0.4163908909084209,0.6529541892117561,0.6544272231665572,0.6553334663338082,0.7079288383022856,0.8095801394329895,0.6605164273998787,0.7773261255754473,0.7260564055893134,0.589402083243767,0.5825528112500991,0.7707660336499886,0.794806993663393,0.716977765006018,0.7443076517272434,0.5977366796619918,0.80079689734684,0.7589071136147523,0.7786786107043349,0.577987426336508,0.8260151140587927,0.22398455482201343,0.8429102359771271,0.6686767345424247,0.7227768998316582,0.7746095029600444,0.7194341072283713,0.8553543170077764,0.7219739580718718,0.7441961584278967,0.7782734209824882,0.5068791011783776,0.800552322712883,0.23050439609343096,0.6723300397809688,0.5837324081017652,0.7029315478440039,0.3928447266579467,0.6181733073350102,0.7786209206327539,0.5730838991419647,0.7779568310705066,,0.6767494169918045,0.7778028713985234,0.7941577016500383,0.7091223785661231,0.6126671752787616,0.7663609532313951,0.812275965246663,0.795793669193384,0.7739500797470493,,0.7494521374419245,0.7963532346871697,0.7662903331556546,0.7719588056771846,0.7928266969798586,0.6787690256703377,0.6398198675455153
专用设备制造业,0.7959006661746212,0.8506267019545835,0.9125160623291425,0.9580399746196065,0.8221323045897184,,0.9206346378557886,0.43203909418750897,0.7331465317193231,0.8923426129685406,0.8955281838669539,0.7074138383290792,0.8228923326429001,1.0,0.6698052840447551,,0.8748660505815422,0.8720939894083582,0.9509868939311588,0.4946038895667152,0.71967809313264,0.6181383142150622,0.7392614204395569,0.8176836686035215,0.92316853700743,0.7981521730331925,0.843289767488073,0.8347107136340267,0.6741001776413814,0.6810458417755431,0.9098107292379869,0.8900149659658472,0.822655921106341,0.8893799661063212,0.623107620665214,0.9116103795387803,0.9045204440864564,0.8766055726303418,0.7143410081105032,0.9405801185716204,0.2588962163047373,0.9430372682250306,0.7828331355641147,0.787033765431125,0.8623157002744457,0.8397006623779217,0.8200952248812853,0.7370065655738337,0.8608871738252175,0.9207078469475075,0.5107632774778395,0.9100833820629521,0.3400871441219235,0.7611757357338982,0.6936719798825544,0.8480126462868348,0.4999544339962627,0.6871996032964038,0.8301330107900453,0.5709542874957166,0.8952006570253493,,0.7297043702045399,0.8278059569101791,0.8790750249895524,0.7762221779416222,0.7181088189782171,0.8698038865288346,0.9088189595950582,0.8616103730681649,0.8700061827908558,,0.8886780052797537,0.8970799126180261,0.901089326217148,0.8856180827672387,0.94145712062935,0.7466843280721327,0.6851809252082183
黑色金属加工,0.5585016153114644,0.6449217179220322,0.6683116571788231,0.6651277844401712,0.6382310252969904,,0.647978536466258,0.3700950542689326,0.5352921520800744,0.6466047456872157,0.647101696836728,0.50912941293131,0.6353729561800748,0.6698052840447551,1.0,,0.6039471960174684,0.617173540739706,0.6286630541173187,0.3990236051166949,0.5297059283098478,0.5920348139212369,0.48354301528713606,0.5709825037936873,0.6262296249394429,0.5997188266867822,0.6532554463303972,0.5914975261427343,0.5212566089883574,0.519662235480059,0.6210527545909061,0.6316693213692239,0.5830374733564885,0.6811966418885893,0.5234957667794934,0.6040080816526225,0.6706064009912343,0.5952567121060192,0.5575666935731571,0.6513239698682967,0.19374772028446166,0.625419199207545,0.48997612358124737,0.6338546589155337,0.637842876594236,0.5872519780481399,0.6317646599720175,0.551211617564021,0.6614109931742645,0.6099196150673605,0.4179594390416365,0.6626538930706021,0.24370181000532093,0.6262408885863341,0.48814737371806555,0.569539346349691,0.3790025760326708,0.4644275462614593,0.6753472867190252,0.5104293935182176,0.6130160492363315,,0.5547528930219872,0.66419857928521,0.6613872072904066,0.5707077960982543,0.4845701041504251,0.6803476699357185,0.6471595564493321,0.6607617873163475,0.6458307204595061,,0.5981398796360112,0.6205366221170928,0.648845765818859,0.5959169569521743,0.633482514648509,0.4873718472709251,0.5304503627610182
机动车、电子产品和日用品服务业,,,,,,,,,,,,,,,,,,,,,,,,,,,,,,,,,,,,,,,,,,,,,,,,,,,,,,,,,,,,,,,,,,,,,,,,,,,,,,,
公共设施管理业,0.7412985283832249,0.7982978695927854,0.8484747176563385,0.8899145724180785,0.7987174652965089,,0.8469876184091998,0.37813541975123127,0.7333317652954331,0.8420961676179611,0.8356758758853946,0.645149329940668,0.7659482631682935,0.8748660505815422,0.6039471960174684,,1.0,0.8093306896887764,0.8528369395841063,0.5209344489615702,0.6780136445645863,0.5961034940261637,0.6862222331602068,0.7667099792925376,0.8544650197392517,0.6837894219853801,0.800863232497645,0.7847475566619659,0.6029951204205979,0.5971320018449251,0.8273849439249162,0.8124049841816355,0.801974540348606,0.799881882277876,0.58651634646913,0.835021306990028,0.8539485781866979,0.8023531169358172,0.6421311987839089,0.880796758957381,0.24405833442145708,0.8562244773833704,0.6823005604044033,0.7233266039128106,0.826691696831233,0.7413670704127605,0.7726720532469585,0.7081828616483444,0.7968816365892177,0.8580789541149372,0.49547685169701566,0.846041410341522,0.2712299084542906,0.7083519627834403,0.6392689117435316,0.7973452547710793,0.4537001397288588,0.6051514168226962,0.7615583307466313,0.5647905999710142,0.8468959894026942,,0.7208196520754664,0.7888221684491362,0.8348540900884479,0.725061228826794,0.6834892244761803,0.819230482124098,0.8358983405126973,0.8490937068897437,0.8071382663346427,,0.797620759342734,0.8459442415420555,0.8340198055495576,0.8119229719055576,0.8266159065549437,0.688379760313067,0.6351796813239591
卫生业,0.6790293268628834,0.7249937952715593,0.7925490733373531,0.8299775419190427,0.7603392576456635,,0.8001279885813583,0.3861776707778316,0.6832275069734988,0.7789953803556022,0.8087874407897867,0.6754069422696731,0.7414665178359958,0.8720939894083582,0.617173540739706,,0.8093306896887764,1.0,0.8213797701814817,0.4286831585777224,0.6727273206695558,0.5658698869703283,0.7189229244810389,0.7394639698512853,0.8474686927402136,0.6582177679758991,0.7801968591787302,0.7661468864538972,0.5952774358547764,0.6899767588189112,0.8180962811300624,0.8113978652697827,0.758182457507709,0.7856131294174613,0.5750623439265476,0.8423150469477219,0.8511309135111188,0.7822942933543792,0.6333291613159978,0.8499869947480924,0.20756465242245725,0.834834599423877,0.679995918266641,0.7064982412546132,0.7934136416940556,0.7320463763932062,0.72621544074957,0.6542290308800021,0.7933152531782682,0.8259004089023475,0.5078440304681762,0.8392647496147337,0.3159842663778292,0.6863871896230151,0.6217507552666988,0.7649440998964683,0.42514801071743014,0.6489351901563312,0.7835678653165813,0.5003927375228011,0.7761580956699391,,0.681772378482258,0.7685870353398742,0.7993949687977916,0.7108980539835559,0.637337010551929,0.8113837881479227,0.832704886487055,0.7936403869802274,0.7585674628608625,,0.8213037499003745,0.8474543274376087,0.8326492455215873,0.8075766424375329,0.8322196771092736,0.6963295117287239,0.6460183534036296
计算机、通信和其他电子设备制造业,0.7641415457647596,0.8323966638391822,0.8869004184719035,0.9288023782281367,0.7965785359185744,,0.8928354148683713,0.4295535343930735,0.6881743203013613,0.8549060695412851,0.8575857302024084,0.6695123428916332,0.8118606291367297,0.9509868939311588,0.6286630541173187,,0.8528369395841063,0.8213797701814817,1.0,0.4710387846088779,0.6950787400098447,0.5948562440793336,0.7246776421998717,0.7951128100895819,0.8943442246129709,0.7937758650230099,0.7904305190567904,0.7880023164637124,0.6586112989297094,0.6334024065956442,0.8848786830369083,0.8449431686329727,0.7891883797087317,0.8591348839942743,0.5735631420765199,0.8741078197799662,0.8749616498351984,0.8328178638763135,0.6668364453136127,0.9230971379443037,0.26265996679430137,0.9181152510580307,0.7508375645100364,0.7627982109947079,0.811730475725324,0.8062629614741367,0.8130781613518206,0.7127121294137873,0.8287205550996242,0.8948037721342559,0.48529279807597364,0.8775205224863589,0.33571556355752363,0.7073480181078045,0.659302119860253,0.8126769865325737,0.45728065169580456,0.6630528091401948,0.8104174266980151,0.56084816510232,0.8911326219529491,,0.70083424169935,0.7937861415620989,0.8590681872842432,0.7496350463373184,0.7419138831379,0.8350786821143367,0.8695587169723126,0.8544180572654986,0.8269832967461268,,0.8300940947732579,0.8603325910987357,0.886487766742308,0.863152632891869,0.9215262306507251,0.720955362168176,0.6516646012403641
畜牧业,0.3562256742086934,0.4773348092703949,0.5063647510262448,0.4838548865801241,0.48165293511632545,,0.4875166048828664,0.22550894444095257,0.4088484015392297,0.4898286084699208,0.492841263195489,0.2957586989325882,0.4163908909084209,0.4946038895667152,0.3990236051166949,,0.5209344489615702,0.4286831585777224,0.4710387846088779,1.0,0.46544298227093484,0.5652053372069663,0.42764835644799504,0.42682882201769423,0.4722060389672394,0.452239012099313,0.5049674527511705,0.4476076910705507,0.48501347863496197,0.4259725876297356,0.461854190567801,0.43678605718906005,0.5859938310632443,0.5104001075771997,0.5067762120556426,0.4744854628373008,0.5148341763873637,0.382697524210231,0.39855722262846643,0.49896345745185655,0.3072745801271768,0.44799492069699137,0.25222633822693663,0.46925033793555987,0.4913856386147935,0.3699091408104848,0.488415726971499,0.43425195581212184,0.5329053656314551,0.4809241104696089,0.3464960032297059,0.4887982263030232,0.24213204821801085,0.4777890294716915,0.4716173919476193,0.47733356270919153,0.15965903245037208,0.3921277963000558,0.4826267184402841,0.4653132703085104,0.5302492390880605,,0.4185103190714586,0.5085829038394799,0.5645403471045858,0.4297677455374165,0.40944067951459007,0.4960295764903285,0.41879010024919533,0.5003827518265617,0.48940208297692495,,0.4515685136691224,0.5271059356023429,0.5244765499150167,0.4105514758523466,0.41925571390622535,0.3886881443969396,0.3949068695567007
餐饮业,0.570635584608138,0.6586792418417722,0.7001740649358622,0.7061067275232273,0.6729249291021531,,0.7228310551737804,0.2674772861985407,0.5980605983996725,0.7072358986741338,0.7202035607877141,0.6158791054198787,0.6529541892117561,0.71967809313264,0.5297059283098478,,0.6780136445645863,0.6727273206695558,0.6950787400098447,0.46544298227093484,1.0,0.5648338370559416,0.5928880330882735,0.651451769924458,0.7215562558330272,0.5600052328611794,0.6787134650988085,0.6811907663206817,0.5679679399522266,0.5256280468529637,0.6984791126596719,0.6673666399358945,0.6750202650574954,0.7032039121896949,0.5393468429062993,0.727200595779496,0.7383789955607153,0.6682167687940361,0.5588132189783546,0.7187955244302978,0.2946546450472619,0.7044170559439396,0.5234854095344241,0.6235769865858419,0.6979084801854026,0.5794472282070527,0.6481259313335325,0.5550736062048416,0.6997438228974179,0.6747175172941884,0.44866587434469024,0.7280617120600621,0.2564421560457123,0.6096141677503718,0.6076301883804173,0.6671260094133302,0.38993152588156443,0.5504542577031551,0.6729101603961606,0.45710991732422906,0.6962569109920766,,0.5821711662608403,0.6847518029848433,0.7098188706067309,0.5738454385018766,0.6006649324670006,0.7158079396581319,0.6870668698307286,0.7227089161978694,0.693819062297759,,0.6518255419734857,0.732738625260159,0.7284878769066825,0.6435360414285273,0.686616411791089,0.6312018656954645,0.5686325364809891
煤炭开采和洗选业,0.48937256218839087,0.6666180678144269,0.6922781810740245,0.622401141246306,0.5962895404614414,,0.6319777491189998,0.19634889302527872,0.569871346985616,0.6092600730444876,0.6402185034838752,0.44546223880017505,0.6544272231665572,0.6181383142150622,0.5920348139212369,,0.5961034940261637,0.5658698869703283,0.5948562440793336,0.5652053372069663,0.5648338370559416,1.0,0.567949838384709,0.5530043878626136,0.5940006234919732,0.5311870415992183,0.7172058684433743,0.6120027665022532,0.5413847640684905,0.4869960475533092,0.5535233599089963,0.5988981443446784,0.618094718168435,0.6481006845933908,0.711777260369468,0.6206896894200046,0.623407195743551,0.5343526430018181,0.5118306590400558,0.6177353043813952,0.2865762813236004,0.6054239978317479,0.41467901179418554,0.6303640254113604,0.6153280051605782,0.4864567778260208,0.631090977805061,0.49965157907658886,0.6312390319902906,0.5687323328815183,0.6082422805461605,0.6433347719845474,0.17232893203308677,0.6844851078865817,0.5711379504120117,0.5762043347821469,0.27476651168116306,0.5504775790580329,0.7021789281228278,0.5334604724130889,0.5824792477365028,,0.5113128439634762,0.6512143884409005,0.6596770923744351,0.6196471573329583,0.46990718650586516,0.6359628154476358,0.5924940350209764,0.6895782206227683,0.6205865477167435,,0.5761127556687194,0.6828926237054267,0.631851531140595,0.5366028469676907,0.545634070302628,0.46639956535354954,0.667167380254473
研究和试验发展,0.5824347342714968,0.6591634994604187,0.6954111071609195,0.7298768014184793,0.6478043180421504,,0.6746953011213748,0.29849831819715383,0.5748220654204802,0.7052773843585952,0.7137695735543677,0.5730785296617932,0.6553334663338082,0.7392614204395569,0.48354301528713606,,0.6862222331602068,0.7189229244810389,0.7246776421998717,0.42764835644799504,0.5928880330882735,0.567949838384709,1.0,0.6679190265000956,0.7401439153545285,0.6303325923521172,0.6855481975917633,0.6375150656710067,0.5153833958269576,0.5642139106111922,0.7116253176865891,0.6991727842837677,0.6380115090067682,0.6824463700369646,0.502352803868985,0.7124145484261349,0.7104320914319927,0.7117475511280217,0.5799932900340297,0.717494857651859,0.13560276975076307,0.7287151155988294,0.620444450587208,0.6364403434938521,0.7129278431677568,0.6657685883753127,0.6486069622610889,0.6135839402309757,0.6799899351884009,0.7217577472624326,0.4175174330542175,0.7293502321573435,0.15346373270603403,0.6134673508640697,0.6136062583714865,0.6729447557522653,0.3262701154907247,0.6541303446587251,0.6345144855346303,0.4744655665969023,0.7123295208692768,,0.6169844086551013,0.6305724060855474,0.6905094887177521,0.6258093780296627,0.5304501441082918,0.7493509831234276,0.7293984989492286,0.6858119051551086,0.6729170090761042,,0.684202867579323,0.7226729840315607,0.7383396446331578,0.7149277488923668,0.7023229337216241,0.5640262966903085,0.5227530647964291
道路运输业,0.6337992219023745,0.7223894363575836,0.7601156644518579,0.8174627645910483,0.7389785224811465,,0.763684056843124,0.3255118688579273,0.6549831292763498,0.7490674134981453,0.7537231653467867,0.808058397720438,0.7079288383022856,0.8176836686035215,0.5709825037936873,,0.7667099792925376,0.7394639698512853,0.7951128100895819,0.42682882201769423,0.651451769924458,0.5530043878626136,0.6679190265000956,1.0,0.7807339254646339,0.64383933971021,0.7815423716687636,0.751789330722185,0.5557055970180713,0.5909024949949233,0.7669115752804893,0.7759004340910173,0.7487923310063459,0.7634458666574978,0.5776006896511501,0.7919725771329473,0.7852049415313002,0.7238904477191171,0.6108906616834979,0.8006895727035341,0.30029778290072173,0.8062674646902982,0.6392187889367061,0.7061065823000194,0.7687486800735803,0.6656364536971332,0.6500637720949074,0.6893772305196522,0.7601520172821081,0.7904986743467494,0.4814383992069823,0.8398182145091768,0.249936868079882,0.7050788940813508,0.6373294048043484,0.743145222106221,0.4872056876127449,0.5876060671687439,0.7248953977568023,0.47436345035094335,0.7632783106434037,,0.6404476471001922,0.7403786794547323,0.7439852967005542,0.6942589954612196,0.6168521931306863,0.7924806030441175,0.7986897457992866,0.7869685292856714,0.7764268729557474,,0.7508366189543072,0.7933168495668141,0.7690042134368109,0.7296135818987914,0.7586428120798916,0.669898369236426,0.6321882765126724
仪器仪表制造业,0.7572214813602963,0.8183955439665184,0.8829275916398924,0.9170569064999463,0.7951807762939288,,0.8816899042181344,0.36537650913318953,0.7049445143646201,0.8570447393932308,0.8610908436589213,0.6685897262051393,0.8095801394329895,0.92316853700743,0.6262296249394429,,0.8544650197392517,0.8474686927402136,0.8943442246129709,0.4722060389672394,0.7215562558330272,0.5940006234919732,0.7401439153545285,0.7807339254646339,1.0,0.7425292292192913,0.8213346153295599,0.7897861674696706,0.6640692727375037,0.6573217422738816,0.8940236670030961,0.8685286680587385,0.772295549669896,0.8260291013745318,0.5917688256570056,0.8859953131214431,0.8778798765806788,0.8649403570968719,0.657164167794045,0.9071348318172187,0.237453953474044,0.8969767258794187,0.7339224116071659,0.7465644344966619,0.8451993401840182,0.8094008412039712,0.7839486592809934,0.7133647585337063,0.827022576031664,0.9149007470417276,0.5053175802915588,0.8665380482551696,0.29999433123580327,0.7264827505698073,0.6688961094689324,0.8254051826155034,0.4783026595974486,0.6633530760319951,0.7939256014867535,0.5172586222034576,0.865574918034028,,0.7224706199228069,0.8134884098562954,0.8524877497448835,0.7613644419447692,0.6963331036771542,0.863201472480496,0.893247343891803,0.8423103742233738,0.8534459204676067,,0.8493729811353649,0.897825640213598,0.886139239040354,0.8885407920830934,0.9051179009503824,0.7295400717792543,0.6552336810455784
建筑装饰和其他安装业,0.6282566337604082,0.787632031404527,0.7658021847590648,0.7643028876321727,0.6888024958136256,,0.7628019717366014,0.519628778749123,0.5429610275203569,0.7179204119563042,0.713283030078441,0.5367167692518816,0.6605164273998787,0.7981521730331925,0.5997188266867822,,0.6837894219853801,0.6582177679758991,0.7937758650230099,0.452239012099313,0.5600052328611794,0.5311870415992183,0.6303325923521172,0.64383933971021,0.7425292292192913,1.0,0.6426257254570906,0.6626410693677295,0.5829496607164817,0.5226006340435374,0.7479804191690744,0.7199132935958656,0.6564876751479725,0.7457178603230541,0.4943575162726178,0.6993901893502765,0.7677644479432962,0.6531200683748645,0.6503200279562489,0.7469347058008889,0.1993464011402802,0.7398139653298973,0.5835083953860993,0.662923024669953,0.6767858261656577,0.674896987185171,0.6569379081006782,0.5874294225155853,0.751759174176955,0.7510542954944296,0.3813342807525853,0.7398203484182833,0.242534292770873,0.5956426424750383,0.45936627500162514,0.6737049307894045,0.27282763363776613,0.5219980140843012,0.6423416973754531,0.5179663622769611,0.7548661326572272,,0.5572624024014186,0.6565807245122184,0.6999881082517944,0.6313698237578379,0.6093386987133024,0.7512615406863461,0.7259972364984899,0.6946707486544359,0.6995571942096771,,0.676285811907234,0.6962598475511129,0.7738010138801519,0.6931239824518651,0.7675074534740416,0.5873130123094314,0.5321932391109474
电力、热力生产和供应业,0.6883045565815928,0.7925285322830946,0.8552696887561307,0.8600920748327472,0.7915090904058659,,0.8239372517253677,0.2804805440517594,0.7419783158383401,0.8267436650627528,0.8274327791574929,0.693814510332508,0.7773261255754473,0.843289767488073,0.6532554463303972,,0.800863232497645,0.7801968591787302,0.7904305190567904,0.5049674527511705,0.6787134650988085,0.7172058684433743,0.6855481975917633,0.7815423716687636,0.8213346153295599,0.6426257254570906,1.0,0.774780009661391,0.6205186187567638,0.6908029442577491,0.7869709850574742,0.8112565486617296,0.8228496303481238,0.8160420212333613,0.7259948672907611,0.8534526468924092,0.8474629383929725,0.7880641335384982,0.6460803602369012,0.8459043319484254,0.32437866418889594,0.838543679562162,0.6326161603483177,0.8172274396044725,0.8232501794274097,0.700102940965351,0.7627613380922169,0.728416023997615,0.8324907239340209,0.8093762261189212,0.6763756263911461,0.8436265260792464,0.20836065853082616,0.846480941467344,0.721792179921629,0.753606767584243,0.4866921007482791,0.665776526482865,0.8611442956622118,0.5612765072125896,0.7823097150573319,,0.7098795923947608,0.8493684674445603,0.8636091386363318,0.7338532770195593,0.5914309829402208,0.8395032430360706,0.8347344386630188,0.8512228720628636,0.799914815339197,,0.8025484474132712,0.8788431620734648,0.8049067623107887,0.7823978425194501,0.776992900765948,0.6755192270827323,0.7990445038436127
农、林、牧、渔服务业,0.6704553201027917,0.7126547358438563,0.8011373012435176,0.8199932730616043,0.797358548267179,,0.7916599153987733,0.3790376451698431,0.6558638016386105,0.7885275096964183,0.8036425474093737,0.6779288992937769,0.7260564055893134,0.8347107136340267,0.5914975261427343,,0.7847475566619659,0.7661468864538972,0.7880023164637124,0.4476076910705507,0.6811907663206817,0.6120027665022532,0.6375150656710067,0.751789330722185,0.7897861674696706,0.6626410693677295,0.774780009661391,1.0,0.6393726907740188,0.6078011315197804,0.7828759820324127,0.7553890597840642,0.7727038366802307,0.7621502111698606,0.5830081657796589,0.7920869886910058,0.8016143155095817,0.7650139714325527,0.6893294780397953,0.8054265698408322,0.2512542935746539,0.7972861742914398,0.6111319856337933,0.6887482946017244,0.7857136076618928,0.6951842406263651,0.7090408088264065,0.6624209974022024,0.7769983702751121,0.7797607194003942,0.44517125104408445,0.8350492155183289,0.31222089618491805,0.6996374874784913,0.6191928796456801,0.7045810527894667,0.47265371579942955,0.5587033254851208,0.7225263625773901,0.5388729959812159,0.7745638264840268,,0.6921862101074344,0.7493334296385024,0.7549020530167885,0.7062378624212148,0.6505339219429248,0.7847804152607554,0.805550420852629,0.7871666055875388,0.787647713917637,,0.7701729026067934,0.7987537213618187,0.8014750455410525,0.7294701804412027,0.7626662743486021,0.6812158853039135,0.6028470474984754
林业,0.4633341329230764,0.6203576730725786,0.657335582167552,0.6396117193872533,0.5695254825260445,,0.6467666916755301,0.3121922819264221,0.5389031539996215,0.5979093557784608,0.6562913462645188,0.4815742407560828,0.589402083243767,0.6741001776413814,0.5212566089883574,,0.6029951204205979,0.5952774358547764,0.6586112989297094,0.48501347863496197,0.5679679399522266,0.5413847640684905,0.5153833958269576,0.5557055970180713,0.6640692727375037,0.5829496607164817,0.6205186187567638,0.6393726907740188,1.0,0.4797556142889673,0.6676085102758476,0.6243002151906841,0.5948498369658793,0.6194780078113381,0.47114833227609937,0.6136676235704083,0.6438376341384118,0.5900226349082988,0.6305724953997848,0.6348472801134306,0.2331567684910781,0.6291472523843097,0.4397608410999704,0.5912336269421712,0.6309263609673081,0.5387848701367861,0.5661160652085802,0.48838854714793023,0.6353908810756016,0.6223518881955931,0.41275023646582437,0.6889960207939485,0.2997659874997024,0.589152029778499,0.5296406348352362,0.5413640339227624,0.41205941953125896,0.4498152886719004,0.5841270560750685,0.46359020126449163,0.6275175687777549,,0.5418174486925614,0.6351647479554279,0.6174362397013065,0.5111185168382563,0.5555161039444773,0.651794685071131,0.6188644627340162,0.6593435172892026,0.6632797586214493,,0.5807306784508963,0.6195037839429077,0.6789809238640214,0.5942463256114562,0.6017606482617096,0.5347936871783734,0.4803054664477046
