,家具制造业,石油加工、炼焦及核燃料加工业,非金属矿物制造业,通用设备制造业,农业,建筑安装业,金属制品业,邮政业,其他制造业,燃气生产和供应业,生态保护和环境治理业,住宿业,黑色金属矿采选业,专用设备制造业,黑色金属加工,机动车、电子产品和日用品服务业,公共设施管理业,卫生业,计算机、通信和其他电子设备制造业,畜牧业,餐饮业,煤炭开采和洗选业,研究和试验发展,道路运输业,仪器仪表制造业,建筑装饰和其他安装业,电力、热力生产和供应业,农、林、牧、渔服务业,林业,航空运输业,专业技术服务业,仓储业,农副食品加工业,铁路、船舶、航空航天和其他运输模式设备制造业,石油和天然气开采业,电信、广播电视和卫星传输服务,零售业,文化艺术业,房屋建筑业,电气机械及器材制造业,酒、饮料和精制茶制造业,化学原料及化学制品制造业,教育业,土木工程建筑业,纺织服装、服饰业,文教、工美、体育和娱乐用品制造业,有色金属加工,装卸搬运及其他运输代理,食品制造业,商务服务业,货币金融服务,纺织业,木材加工及木、竹、藤、棕、草制品业,铁路运输业,租赁业,皮革、毛皮、羽毛及其,科技推广和应用服务业,广播、电视、电影和影视录音制作业,资本市场服务,有色金属矿采选业,橡胶和塑料制造业,非金属矿采选业,废弃资源综合利用业,水上运输业,汽车制造业,开采辅助活动,综合,水的生产和供应业,印刷和记录媒介复制业,化学纤维制造业,渔业,体育业,新闻和出版业,医药制造业,批发业,互联网和相关服务,软件和信息技术服务业,造纸及纸制品业,其他金融业
家具制造业,1.0,0.4487969628103436,0.6096570596271279,0.5982106357929025,0.4222319139635379,0.373980350157869,0.4740655142232132,0.44184613962184643,0.4154827441469203,0.2763612797736986,0.5233932644826421,0.5750972319377906,0.48824105731521306,0.3850456044878292,0.4275559603068858,0.2888451972273911,0.48033457559048853,0.5343058588435317,0.5383710177861945,0.2869350997917006,0.4825311849310032,0.37852542568096925,0.3076160615245058,0.48926239185661907,0.46302352521182694,0.5425154575159382,0.4251613418002432,0.21275046228058841,0.10112589608979612,0.4310068348300235,0.3094725819196306,0.3681868938607515,0.6313699312637622,0.373726239147684,0.3880855163975799,0.4701929096873806,0.6169410431168469,0.46603085572151265,0.38623755000574805,0.5565504262137506,0.5095164586121314,0.6209932256157304,0.4305183965905385,0.47825988354062404,0.5812993859165537,0.44509011626746375,0.44272982493020874,0.33071252901272163,0.5724121422703918,0.46716252386243334,0.4819585968859697,0.6215581435060817,0.5779894798279649,0.3750136070294966,0.37673722816960475,0.476345413691183,0.13236378967962625,0.21573012670985067,0.5068356640719819,0.41955206297813524,0.5156674974110067,0.29643250276673827,0.41364900357118217,0.46590563622363085,0.56294600722763,0.3976170532808838,0.5206713325920198,0.5185196516861418,0.4145195065453799,0.5006866552645864,0.4260881358042089,0.3534914772731985,0.3960726985974751,0.5806445310953571,0.6014698896268454,0.28963206004736847,0.4385641370564349,0.5657486826538835,0.5479476941915078
石油加工、炼焦及核燃料加工业,0.4487969628103436,1.0,0.6041622334508223,0.7259285862985319,0.4837304163302071,0.4938432833844852,0.5056493514262929,0.5109388803363365,0.5235031082930789,0.490189125936286,0.6645691376060356,0.39014102476971085,0.6492113911429375,0.31828924163895866,0.6748100604614203,0.3699146306025499,0.587748912190999,0.41489000952830557,0.5635154154974067,0.319826770064176,0.6109739918630362,0.5372786558062411,0.2894052157915629,0.6774602759385415,0.5677897841483773,0.7117594025223479,0.42917787825830694,0.20451629668155155,0.2731799810281103,0.32187449132209667,0.3686410269669467,0.4358396197566419,0.4751675703417842,0.4915939906859144,0.6110502622082935,0.6526618632542416,0.4545378028588931,0.4905446509065946,0.5978447220235538,0.3941913874454681,0.31972625625593776,0.6883979746035495,0.4440754046853068,0.6421674681449974,0.5280184360980348,0.42685947305881733,0.44891111611267714,0.4480636597643471,0.30718079117881836,0.31897416113372046,0.4325055063713138,0.5768024851621012,0.6071374280845215,0.5435682174457821,0.3873602092194174,0.6029597462592902,0.268619270854267,0.32490816039927384,0.673682139671912,0.595708198786021,0.5946213520586235,0.5704218892068218,0.4486302876138377,0.5318360119652752,0.5521022233499925,0.5775953980391331,0.6457686012395036,0.7006630524172089,0.5931328754532756,0.6872242922351267,0.5383702096448051,0.4809375370103075,0.4545033811140516,0.35081996895605927,0.682829200921311,0.42599055252243545,0.5229046143581396,0.6561105702448728,0.44999178290279385
非金属矿物制造业,0.6096570596271279,0.6041622334508223,1.0,0.6166551664494232,0.37612210086064146,0.4486981533221757,0.5819465906527171,0.5281887791255419,0.443723845934294,0.4022331131355818,0.5402067046523676,0.5142074983435799,0.5237839843397125,0.39661394344608625,0.702055662793484,0.28447671941607144,0.526801250570439,0.5111820168279533,0.5836518201910261,0.3208893977972504,0.4903758772775343,0.6018750679347251,0.28076041283951403,0.5750970530968471,0.46602181872963805,0.6533577160789422,0.4568480407932836,0.15937411340020086,0.07994660194479442,0.42308901144356065,0.3529569871256902,0.3394264672238892,0.6141092435613286,0.44435416313730247,0.5391394500352946,0.5216768443800253,0.5503119937490135,0.47156368787546354,0.5073869359664612,0.5987323087202812,0.5241804560694711,0.7087056197127849,0.41173629761546465,0.6973111947444922,0.49545244913641356,0.4919658491463515,0.48520594099361986,0.3535161472949549,0.5165226540022692,0.43300347147950885,0.5959635156856601,0.5583360597005776,0.5979216378237594,0.5765767760002539,0.3121395683923376,0.4021330162641514,0.19512228011589433,0.23171403327770945,0.592367472364986,0.4869352814098001,0.53848944586316,0.3982826852722173,0.34401893531918526,0.48893858400549584,0.5962508573478296,0.46345921736576845,0.4958120341040103,0.5102937970721209,0.5254348803043355,0.6184114606158176,0.3856971580008,0.37379667097465913,0.3779835296674279,0.519648371520474,0.5897627103229097,0.3758295124743891,0.48375964271011773,0.5306023738767428,0.6332914341655208
通用设备制造业,0.5982106357929025,0.7259285862985319,0.6166551664494232,1.0,0.5865437157166383,0.6710386030577388,0.624038683551046,0.5684900991091618,0.6600092361187707,0.5436039448676319,0.8348439772920337,0.5243133013817136,0.6688474659355012,0.5641391104461707,0.4952754593670328,0.527566620233088,0.7233181617690874,0.6242745139222818,0.8423642735965657,0.386874006039626,0.736781585783202,0.30898493219909723,0.4910576225998339,0.7821791568220858,0.8288894226473438,0.848522910169581,0.45337330062933895,0.2999600201379535,0.35009078475884625,0.35396805874914516,0.5431357582089207,0.613854177260765,0.6295044806639644,0.7262255589057666,0.49196748128089923,0.7967501636771707,0.7071135490840749,0.6583148229066393,0.6823474019733181,0.5191878761041643,0.40445695678036814,0.817847666348463,0.5681544378564408,0.6015589194691455,0.7235230638937167,0.6086880023704873,0.6280110412275066,0.540979622149774,0.46365018413685977,0.4045472529785096,0.3749489206149417,0.8086735778537377,0.6868033434694257,0.4782842109185368,0.5105890352705509,0.748171371014767,0.32156727034362353,0.4005678815586368,0.7589754973143831,0.6484825303050256,0.8025415411581769,0.5704301608672626,0.5596029265711302,0.6469604427367994,0.6580451711996061,0.5979698269015651,0.7836960007692391,0.8229059446073174,0.735000727816639,0.7604751297022996,0.7210820253099671,0.6931667161735665,0.6557680696025426,0.6027177919739055,0.8428218230434528,0.5495455505723829,0.8070281581673768,0.7474303497284351,0.4711410666852828
农业,0.4222319139635379,0.4837304163302071,0.37612210086064146,0.5865437157166383,1.0,0.3386986456396436,0.3954071681465524,0.3871179825844601,0.46121862958710413,0.3083694744967087,0.5144702142781642,0.44372431588363764,0.43220232457409363,0.3709016073167845,0.3229106594220632,0.2621099088046807,0.47262031081245354,0.3948594886162473,0.5286172790957219,0.415304695089025,0.47278416843818505,0.2753653595821198,0.3182701371444984,0.49953088966342474,0.4936623730791112,0.5147508163927522,0.37515170255499874,0.4613198974189273,0.260748783966239,0.32585467155474596,0.2296485719023687,0.41240770966382484,0.4484809210548988,0.49269245591047856,0.37123676798566435,0.49211535721461624,0.46399331451277687,0.40363211301747703,0.4413084288920547,0.3022718342102844,0.3140613080448661,0.5312591470405934,0.44102156449342117,0.3575652520833651,0.5099552022532954,0.3725356935794938,0.41720124055988367,0.27005075637462117,0.3729950780404529,0.31536157347665433,0.22162057772360214,0.5358113246023768,0.46323300928510497,0.3296312571094917,0.3367358703165343,0.4930909675834054,0.1772177134555363,0.2548383188703807,0.4862579985865305,0.47204793151009633,0.45827766940748843,0.3253992481246746,0.4286152858844513,0.4799342439392444,0.45402561059600294,0.47330918439492586,0.5501421380502353,0.512768855002668,0.4555506962988087,0.5344373062352017,0.45993388769865123,0.38715255876905225,0.3614506993064266,0.3968513127974553,0.5792844661250511,0.3321643326760041,0.46173518392746576,0.4721570332885238,0.28374586557520387
建筑安装业,0.373980350157869,0.4938432833844852,0.4486981533221757,0.6710386030577388,0.3386986456396436,1.0,0.43528443955013735,0.3712870046222813,0.46159591867459904,0.37282718070016746,0.5786644146708654,0.3499039251895895,0.494207288550131,0.48600995840765865,0.33496283375360436,0.3546493831723228,0.4726535307707652,0.4530613857831917,0.721129866772179,0.21203806656693303,0.49258046291530283,0.20192160172223225,0.3969687608182161,0.527722374952075,0.6404016031745431,0.5864736300078378,0.360385823379003,0.22413070282603745,0.16518064541531532,0.1924665623129449,0.4457951659973016,0.36432099874017665,0.39811019126657465,0.6334429895133108,0.3107025684739032,0.6354772825291205,0.49786166852206576,0.4960072993236309,0.4679044094856417,0.2923272643342048,0.2568757075252709,0.581539004708266,0.3657533560684819,0.43353276899392335,0.49352134000668496,0.5483015684092057,0.4651344635978265,0.3717820351039186,0.2635028465540342,0.2578219023936968,0.23655506370251014,0.5247123396517545,0.49895109665068943,0.3630870628519755,0.32411325770321425,0.5214117970441053,0.13637304983973608,0.29695308421521727,0.5061999004980222,0.38622055622735235,0.5942668090740049,0.35954733180844517,0.3536799610153336,0.43272035628706135,0.4609067280881474,0.3835415650995457,0.5585263762609212,0.583608102438847,0.5251622287450389,0.549854511762323,0.4493654471185661,0.557138504506017,0.4883670250647368,0.4325799953208477,0.5606713221810766,0.43574037007862815,0.6853881796840713,0.4796646963687087,0.3328294713069713
金属制品业,0.4740655142232132,0.5056493514262929,0.5819465906527171,0.624038683551046,0.3954071681465524,0.43528443955013735,1.0,0.46909812356104297,0.4600448034711363,0.373791577626039,0.5528035733412486,0.4915408078187914,0.49727227318605444,0.4101254808387231,0.3932293371650126,0.31608935984272385,0.5225934591740952,0.5216492594924664,0.6170944205679085,0.4543944178326366,0.5253286435802883,0.26493211551198614,0.37336926320209796,0.49072203581237156,0.5595679887309845,0.6036475328419263,0.3205704242783864,0.17898727932279015,0.17186703755043964,0.38597188220040507,0.42242368256584784,0.42416565044803756,0.597379362914891,0.49443505194536924,0.3625682257228838,0.5011688436823211,0.5954820547500559,0.460358926450205,0.45560408626993465,0.47284719567780187,0.380232144843664,0.6691788793944665,0.34898226452491593,0.4715290582975087,0.5890228309756856,0.45342353412114983,0.44823715982364354,0.35375771467846956,0.5079053479776681,0.4591305259462998,0.3669862369454865,0.610562438915964,0.4929514031447895,0.39795594356079994,0.3386191986291758,0.4726939205900899,0.1892237165797234,0.26845738124809887,0.5155166694383686,0.4757118575308083,0.5498801798406185,0.3959829259648105,0.335904968291398,0.3833211235385135,0.5087537005197575,0.40776868857745113,0.5111276318245046,0.49968659882868816,0.48194471055938815,0.5007705782103462,0.46918934311376187,0.39329435525465045,0.3851544368199521,0.5571451631817321,0.6007002888092333,0.374004050413337,0.5354717496226183,0.5246348394410244,0.4250907141849647
邮政业,0.44184613962184643,0.5109388803363365,0.5281887791255419,0.5684900991091618,0.3871179825844601,0.3712870046222813,0.46909812356104297,1.0,0.4440145104173944,0.3254621225252729,0.48524371560814705,0.42960443921454444,0.4429146326687937,0.3896476824415303,0.43622836699759737,0.2489942535482271,0.4860041363896496,0.4981279753928149,0.5496204072075975,0.27241747254369886,0.3909764439294268,0.3640231761842856,0.33859952900371376,0.4823022356808266,0.5320136026892576,0.530244299861569,0.37794228814056036,0.20092285976762012,0.1373405483427498,0.44904724391566575,0.3957101737483183,0.41988914238998176,0.5671673131833643,0.4469424034781872,0.38328369222290054,0.47769979810474616,0.5243221423099909,0.440333473911292,0.4149281842509346,0.5113125463676474,0.5031119743861463,0.5843849191882299,0.3069549121233589,0.43410007531244366,0.5686815981443324,0.4174387932865885,0.3929653319501934,0.3092608431746509,0.5517242584803093,0.47654158013061626,0.4290113013354556,0.5330355586904966,0.4779228943668721,0.3534397264790293,0.339436209246052,0.4336632894351083,0.31968996025659724,0.2523697855913413,0.47246412811766164,0.46483380910409555,0.5032908723273096,0.33556736973990453,0.3902038094171371,0.4764469897339166,0.527497596429287,0.3695102249957217,0.520999325292737,0.5071645693686623,0.4155442230896749,0.5315881518089217,0.37919367932933185,0.427192555196475,0.37797212395941593,0.5109468325396586,0.5420550241326604,0.48184613074715743,0.4358064159758627,0.4427599974529593,0.47748380833748305
其他制造业,0.4154827441469203,0.5235031082930789,0.443723845934294,0.6600092361187707,0.46121862958710413,0.46159591867459904,0.4600448034711363,0.4440145104173944,1.0,0.35406662407987277,0.578647998720158,0.44828497220123786,0.46160273466743373,0.3980799770296454,0.32997409689619805,0.37449463865984933,0.5064382754672145,0.523182035321768,0.6514326681076923,0.3155239850738351,0.564720286634148,0.21077333314767446,0.3348793797273945,0.5655127373953985,0.6304219927163958,0.5829982161816061,0.40565283847772654,0.2207695328900387,0.13267737266341942,0.32321421491873564,0.4518265806674265,0.4101857195020644,0.5152543876715027,0.6303237781864455,0.36941443609781976,0.5672299393044432,0.562453598173013,0.4746854451885593,0.4283697090527709,0.329688260464264,0.3547963922288588,0.6256987473341005,0.43476020438114577,0.43577569238239805,0.5447130762134363,0.5159615488095025,0.4306455804296715,0.368705486008586,0.4030182587055534,0.41714793891620033,0.29179300534696256,0.6164896285466602,0.48421498199289376,0.3947299418988169,0.3658483155852,0.48120741825843794,0.2905782247866133,0.340382639593919,0.5089478269660853,0.5318503281669085,0.5312838530284479,0.3879834656665142,0.3820385639044388,0.5163488743754077,0.5254860716360836,0.46077577556255317,0.5551241166575209,0.5285307133654252,0.5347840044087466,0.5730282123180732,0.4917539962536123,0.41639778749029516,0.4985331338003453,0.46733600604077224,0.6385130902437828,0.37531362334016505,0.6136499261556958,0.5263962992804488,0.3618158750924097
燃气生产和供应业,0.2763612797736986,0.490189125936286,0.4022331131355818,0.5436039448676319,0.3083694744967087,0.37282718070016746,0.373791577626039,0.3254621225252729,0.35406662407987277,1.0,0.45956300339152245,0.3465198939442739,0.45842656565361917,0.3014302602532825,0.29333426449436106,0.46443105874270907,0.4413486585865862,0.37686376423336587,0.42320500766831337,0.28210803740011464,0.4109894979174342,0.1992832940916624,0.26387715302609566,0.5301711480293897,0.41990050032259807,0.5303980655257372,0.26261512515424196,0.09910468656443473,0.17343819852478054,0.215751691325801,0.3062644978175606,0.4606433429579649,0.3479708276933897,0.3946050458809452,0.458041946081007,0.42555306824259737,0.350518622564642,0.3481565737277518,0.44718127116261996,0.23031617243544605,0.18948975922758593,0.5038347462833794,0.32209946674132595,0.39945187882326516,0.38742291521927874,0.3380721576242045,0.3588604176359949,0.3970390904214887,0.2003583200054803,0.27251609526928744,0.2580283828491268,0.4187053159670058,0.3956738262961475,0.27420876330239574,0.22328566710482486,0.43624261320622426,0.14839592126426057,0.2175235718918831,0.4852664335869012,0.4289850800984673,0.4965387090753871,0.4639972328115174,0.3146421047386989,0.3545040296811058,0.2909299254427247,0.6179146700393118,0.4667788600468959,0.4937735145210862,0.49228160882288086,0.4704514072140588,0.38297749062194586,0.441163107567496,0.22993415926088748,0.3301727733739922,0.48722484106707425,0.340388886192782,0.4206684339129245,0.41203064176378357,0.31455604849340163
生态保护和环境治理业,0.5233932644826421,0.6645691376060356,0.5402067046523676,0.8348439772920337,0.5144702142781642,0.5786644146708654,0.5528035733412486,0.48524371560814705,0.578647998720158,0.45956300339152245,1.0,0.43485110244555897,0.6304840356221888,0.48853300484285495,0.4419418955403623,0.43872412447374814,0.6474508948942623,0.5369426930475323,0.7307527859091549,0.2780579178507163,0.7033255772803461,0.25879404054396377,0.38315217148837294,0.6798724785206715,0.7248999560172985,0.7385884253700385,0.403462797604728,0.3318398875346786,0.3041038549112839,0.3232462033042666,0.5218997338365101,0.5041294806879151,0.5044618816010631,0.6249872068701945,0.40336550134527577,0.7282310179139134,0.5853295320468997,0.5456168414780446,0.6412689508818071,0.4015916300641045,0.28188218640712737,0.7152211051945084,0.4965686438100127,0.5693565478318728,0.656827876188474,0.5320094753329301,0.5417660019931467,0.44690776944092625,0.3607031552756787,0.3376578001955074,0.3050243532170235,0.6885784329641209,0.6029149752321701,0.4484687069883346,0.5019437263450808,0.6952328465558358,0.3161738327666842,0.35914426288622164,0.6821948651750266,0.5594555197718895,0.7083566957796362,0.46394696393031926,0.555496910261083,0.5433626482821119,0.5505548595939929,0.4870560258721667,0.7054303157853888,0.7968693120413154,0.5951738165817092,0.6513779842829347,0.6518169942873246,0.5686294711977519,0.5994496807319141,0.4966630407935476,0.7520837247288863,0.46481421195003303,0.663177027119025,0.683561665058206,0.35275128403706346
住宿业,0.5750972319377906,0.39014102476971085,0.5142074983435799,0.5243133013817136,0.44372431588363764,0.3499039251895895,0.4915408078187914,0.42960443921454444,0.44828497220123786,0.3465198939442739,0.43485110244555897,1.0,0.40212229232191427,0.4291953466774442,0.3287973956876096,0.2788891293878603,0.4267455846072249,0.5203361381767837,0.5492841283289889,0.31162503460484864,0.4702087201146867,0.2622936110777788,0.34281122187560015,0.46855291235076724,0.4476767513289163,0.4931290357418747,0.3563787704236167,0.23726284399885278,0.11168792157226685,0.46297243456483816,0.25307180345585084,0.3920718759467457,0.6697775180772417,0.4236120055635386,0.3627355011889851,0.4287077238096793,0.6155953167507235,0.42351790372612785,0.3722688043312708,0.5095379990704225,0.485907067032197,0.6060634215289188,0.34781984189072257,0.36719804509464654,0.5607273463794119,0.4880304385059344,0.4464323043628649,0.22260524636536552,0.5724920529962444,0.5535714116870969,0.4081500216212817,0.5752393293693204,0.5181109398364058,0.3531141181320202,0.3131129482170623,0.3397045051627906,0.16752204858531305,0.249549858207851,0.4495840008397368,0.40164781992304144,0.4716646149051973,0.39602254956360816,0.35085760996590665,0.44585784429910214,0.4919310923962414,0.41557697491105355,0.478190397869746,0.4507021069541582,0.441873250058198,0.5083691174480895,0.41124870583972173,0.3407217027840968,0.3414767568358289,0.5699738868719663,0.5965850158910639,0.2928485163215961,0.45795352180272414,0.4489544825432515,0.4889634044848473
黑色金属矿采选业,0.48824105731521306,0.6492113911429375,0.5237839843397125,0.6688474659355012,0.43220232457409363,0.494207288550131,0.49727227318605444,0.4429146326687937,0.46160273466743373,0.45842656565361917,0.6304840356221888,0.40212229232191427,1.0,0.3819052350476652,0.45363019203380595,0.3328410311778578,0.5275408570707084,0.4777895913252296,0.5755741565903166,0.27722180997340967,0.5641687161823933,0.30140337513383814,0.30961109781993057,0.6578022238204692,0.5634679876502697,0.6805158168573054,0.34226938821007485,0.1493318445760071,0.24926551972210534,0.2699529152087054,0.4587363868944602,0.43693545427395303,0.4506442053637202,0.5083072293850152,0.4345727695735065,0.6174151946658946,0.482615834033991,0.43739125580378885,0.5797634632973668,0.34261739473446423,0.29916514000782274,0.6261107008391353,0.402251218813411,0.5226363531471739,0.5032684703300733,0.48449665358575167,0.3965472396365628,0.37623782382327897,0.3078413604051691,0.31621794742156784,0.3547042107393467,0.564375430444496,0.5146643883484388,0.40998358575890836,0.3303091782740028,0.5740144793097928,0.2561242133893378,0.22025873279542657,0.5909432114341772,0.5087301226690764,0.5665698781439799,0.46386083366656317,0.44484701054588177,0.4653452493644459,0.46785511583888445,0.5192861814693442,0.6389516796237966,0.7872038086297299,0.5477088587835343,0.5454227994574243,0.54832953528382,0.472685442255633,0.4105801150387997,0.44052965076202444,0.6687844096625546,0.38727346026084114,0.5244116444688937,0.5318440361656281,0.3658221098201952
专用设备制造业,0.3850456044878292,0.31828924163895866,0.39661394344608625,0.5641391104461707,0.3709016073167845,0.48600995840765865,0.4101254808387231,0.3896476824415303,0.3980799770296454,0.3014302602532825,0.48853300484285495,0.4291953466774442,0.3819052350476652,1.0,0.2509923234405605,0.30665799056275256,0.4264277146680451,0.5245378498634767,0.5959215853312982,0.218762694905236,0.3963147595145548,0.144430126243622,0.4059323751493998,0.3764853289443354,0.4804941381014916,0.552557949758977,0.3097252660382612,0.14074852513470285,0.14917135175486154,0.2756150830855959,0.3731589425220733,0.34948622786766664,0.49040254280536466,0.45755850960335875,0.28615441326910984,0.4966930859651295,0.5816544301114628,0.394971179685442,0.33083745842847945,0.40724101004790864,0.35869387942753933,0.4588001424168353,0.1965626467249313,0.3031951421165787,0.46988043345618474,0.43420978000794186,0.38486784847349576,0.20042196012682378,0.3813793264001004,0.281538423905634,0.27070461942147517,0.5732027215855087,0.39101567442910445,0.31314489041559895,0.3088625124853077,0.45701646343006874,0.1512502840658638,0.2375818247649199,0.46184171985363054,0.3294220390781075,0.5003296579903415,0.42734928184145254,0.3574138808949823,0.4123079279336091,0.44578486570052844,0.3067314888148233,0.4413030093778583,0.4532654601762151,0.43351133688638044,0.44475039875803407,0.3894871851507274,0.40710400859205725,0.3888332645209107,0.5408559305840829,0.5355885900029377,0.37530479679331985,0.5173212875779558,0.3695982393105433,0.37822076329905924
黑色金属加工,0.4275559603068858,0.6748100604614203,0.702055662793484,0.4952754593670328,0.3229106594220632,0.33496283375360436,0.3932293371650126,0.43622836699759737,0.32997409689619805,0.29333426449436106,0.4419418955403623,0.3287973956876096,0.45363019203380595,0.2509923234405605,1.0,0.18527464859696038,0.4093338549229565,0.28936097069495587,0.4078464892346183,0.24323952132454318,0.3548299844212063,0.6722651740366045,0.15066929615487648,0.4587023696962444,0.354548444660481,0.5152700956633794,0.37209378905269747,0.02409849486461478,0.01131713271731214,0.30949156245139864,0.2177648308930697,0.24961794537625906,0.4259864102246877,0.31617518817407697,0.4924316162656028,0.4538720107759917,0.3386132780418176,0.3401137429931603,0.4246578336677363,0.43804453228545515,0.3673728374420597,0.5432435288557073,0.3650761849872734,0.5914234460002405,0.34915717337381996,0.3785020618159038,0.35763768386316114,0.2917571170708257,0.326961164764669,0.2937201920947958,0.536597137018644,0.445386193084833,0.5358044564671254,0.5334928284606174,0.2856629597144515,0.3165648787122339,0.21040683881635575,0.2144499021557574,0.5478770175567742,0.45683490463098436,0.39564891901096844,0.4202487074499858,0.26406343072965227,0.3317327784357732,0.44683944975739864,0.3550568737854859,0.445826781271315,0.4292436991545715,0.4014533332877325,0.5648438273874683,0.28544370750379483,0.31457539533992057,0.279709339139022,0.26099172873074455,0.4643622323281557,0.27641376043089644,0.3214008967200794,0.43429518856482685,0.5138025151018919
机动车、电子产品和日用品服务业,0.2888451972273911,0.3699146306025499,0.28447671941607144,0.527566620233088,0.2621099088046807,0.3546493831723228,0.31608935984272385,0.2489942535482271,0.37449463865984933,0.46443105874270907,0.43872412447374814,0.2788891293878603,0.3328410311778578,0.30665799056275256,0.18527464859696038,1.0,0.37491177716473806,0.2594287737057883,0.44647236232830034,0.10055520685640065,0.38851882848545627,0.06877045605197181,0.28550174137116885,0.4667486065998384,0.4511414825491263,0.41770910741791795,0.24273341462017772,0.1345368144527459,0.1719062430684648,0.15579867875756917,0.3253851878982523,0.3204552555306001,0.26523131268698663,0.37646100639093205,0.25142615017079484,0.46474985859505935,0.34128724209587924,0.3708371580378943,0.37037949131741665,0.21473404176419505,0.07929503620596323,0.41479835424918887,0.1769896568703929,0.2833709405400181,0.3525075080374222,0.2180519172215505,0.2860385527090983,0.3619075886660978,0.21169707621388412,0.1570030331587716,0.17672408308954324,0.42388802444440876,0.37842600556534706,0.19758741411504843,0.2633313455214467,0.41933056836309995,0.15412029121696688,0.2827053942494042,0.44734082145123305,0.3159309789219715,0.4736477842178208,0.2651037927243201,0.21094989521408697,0.4308600307882773,0.3294943768121545,0.37224205283871964,0.37283732022670174,0.4103894598085538,0.45980192086138794,0.32934871731857784,0.39987068661082775,0.42767177081753444,0.32956601742286923,0.28965250304644746,0.42803620145186816,0.3033372331784438,0.5079080573498153,0.47684831352748835,0.25456793552914025
公共设施管理业,0.48033457559048853,0.587748912190999,0.526801250570439,0.7233181617690874,0.47262031081245354,0.4726535307707652,0.5225934591740952,0.4860041363896496,0.5064382754672145,0.4413486585865862,0.6474508948942623,0.4267455846072249,0.5275408570707084,0.4264277146680451,0.4093338549229565,0.37491177716473806,1.0,0.5279102618073085,0.6067911538227154,0.27525317483885264,0.664543971781404,0.2738971453302605,0.4466655647781114,0.6631335539380185,0.6292767680286825,0.6903487361466061,0.3613281485316509,0.22191477737591198,0.3000769182351201,0.29190283062942635,0.42963928065783213,0.4385774539771478,0.5187659042573087,0.537474289609047,0.4039859383163068,0.6179402332335346,0.560046715089744,0.4636411387845011,0.5512708459802342,0.40392036019724237,0.3384638473726818,0.6360292316616062,0.46536460498310034,0.46856936546551425,0.5956676766442112,0.4753409614362184,0.4774677079203111,0.38879281231609725,0.3689441782138401,0.3910799572603922,0.30454087912653266,0.6684780348782912,0.5683171829752277,0.3663330168302645,0.40307295472649324,0.6015183619606184,0.24408994285457725,0.28067744121232646,0.6082928245960318,0.5221113470250027,0.5957354151660245,0.4761384032470322,0.4578462114655216,0.49978535906683147,0.506514080503661,0.48010986408408435,0.6530731234107171,0.6544281339444945,0.6057238761607823,0.5737046756212576,0.5772486671945307,0.5307583738433486,0.4941254781560817,0.48451632261044725,0.7026906348924323,0.4251580454841375,0.6157024346521857,0.5719459574151332,0.3638393928190167
卫生业,0.5343058588435317,0.41489000952830557,0.5111820168279533,0.6242745139222818,0.3948594886162473,0.4530613857831917,0.5216492594924664,0.4981279753928149,0.523182035321768,0.37686376423336587,0.5369426930475323,0.5203361381767837,0.4777895913252296,0.5245378498634767,0.28936097069495587,0.2594287737057883,0.5279102618073085,1.0,0.6254250903917775,0.3244614059362544,0.49523288237808805,0.18802141716259949,0.491710314503667,0.5115190287618536,0.6007291268427694,0.5806642108336363,0.29906958854802046,0.29193096050415723,0.15393074190311515,0.48926549432542366,0.43552021027055016,0.45352395059202444,0.6592798451779934,0.49594029756827634,0.32713875540412213,0.4933629014980261,0.8278833644962844,0.5727976240070528,0.4296292910386628,0.4427359401820555,0.4772402133844027,0.6503227432728174,0.403469695136341,0.4459734302231163,0.5670662801200279,0.5697861144378799,0.44610550909415997,0.32277491994272733,0.5386209322194017,0.5776084595261172,0.2811348872430682,0.6751811975333225,0.4943928100904791,0.3672875183663106,0.40674278398684605,0.4812363950445845,0.14603862985546354,0.29779127817388035,0.4574193877087715,0.4314021990687921,0.6094263462391394,0.3428582366548679,0.44558973998824497,0.43465391874002335,0.48147119780500325,0.41777129626847265,0.5523002077200888,0.5143307499325231,0.5036412733351444,0.5183555460790628,0.45637658002467274,0.4286535493441322,0.5335514673662903,0.8858887519250871,0.680320645824721,0.34915867314567345,0.5501444567850962,0.44023634967084585,0.3780604685795335
计算机、通信和其他电子设备制造业,0.5383710177861945,0.5635154154974067,0.5836518201910261,0.8423642735965657,0.5286172790957219,0.721129866772179,0.6170944205679085,0.5496204072075975,0.6514326681076923,0.42320500766831337,0.7307527859091549,0.5492841283289889,0.5755741565903166,0.5959215853312982,0.4078464892346183,0.44647236232830034,0.6067911538227154,0.6254250903917775,1.0,0.31415102324158245,0.6144474445892322,0.21696854788840808,0.48669579012083397,0.6485005837701132,0.7997957709481672,0.7180914232400153,0.44078650754050325,0.26380707219495086,0.23413111043142984,0.35369462611136937,0.566061964213668,0.47922144429589236,0.6106692326903078,0.7511562829037061,0.39259848316191803,0.7625304053899261,0.6956621834570158,0.6914374943029528,0.565654301886152,0.5332940004902239,0.4344864410422162,0.8000151874662393,0.4685420053201927,0.5245783565258445,0.6754943069897563,0.6169555581780385,0.6381521136803767,0.4664044299461652,0.498040834672019,0.4201967895155311,0.33452764459054546,0.712334441134307,0.6043375066893608,0.43619417772334695,0.44482039520362754,0.6054940925628963,0.25269016483297574,0.37358276223477377,0.6714607484001629,0.5417457427857851,0.7252053568586438,0.46856412565296285,0.5166923561867683,0.584526507422612,0.6336538842481749,0.5037343984725335,0.7034742762082317,0.6958370695083236,0.6335054715346271,0.7037869388797972,0.5715879253188597,0.6058202164150763,0.6101199270116113,0.6299638488646915,0.7559744442675133,0.5644496998802312,0.8665991100773317,0.6481147078521418,0.46180549115117125
畜牧业,0.2869350997917006,0.319826770064176,0.3208893977972504,0.386874006039626,0.415304695089025,0.21203806656693303,0.4543944178326366,0.27241747254369886,0.3155239850738351,0.28210803740011464,0.2780579178507163,0.31162503460484864,0.27722180997340967,0.218762694905236,0.24323952132454318,0.10055520685640065,0.27525317483885264,0.3244614059362544,0.31415102324158245,1.0,0.34205771774101845,0.30164548210624065,0.26541340910654093,0.3500062631147353,0.3142199283465009,0.3709110005853716,0.181077206892076,0.2502497656180944,0.234667918985757,0.2116365003178892,0.10875773988695817,0.33350825693469766,0.39217690121272747,0.30084486881449213,0.26238552834322515,0.23326369157888546,0.38959594608085907,0.28651977833290315,0.3027140362027388,0.22159549262993503,0.2180560056961219,0.3776389964116809,0.3175027035716286,0.23893009543446078,0.327400435566056,0.30269514175134193,0.27153291840237376,0.15730646066945608,0.22792339447659246,0.21453576366026725,0.18187628774401268,0.3253666352670967,0.27764542815936033,0.2560312337979935,0.19038499136872766,0.3538924038575073,0.1277769609784067,0.1306447203524961,0.27026781550237505,0.38945102785017405,0.30337424407955016,0.205425813595781,0.26690516216605414,0.305989923970799,0.25119462260415754,0.29784038033905597,0.3447543611156642,0.3120082043297424,0.2278630200025097,0.397146038134218,0.30449167290844986,0.2644933924313124,0.21139473320665775,0.34408136939805617,0.3596019219568622,0.16541555768401897,0.2643315394737448,0.3169285470570336,0.1656978810656859
餐饮业,0.4825311849310032,0.6109739918630362,0.4903758772775343,0.736781585783202,0.47278416843818505,0.49258046291530283,0.5253286435802883,0.3909764439294268,0.564720286634148,0.4109894979174342,0.7033255772803461,0.4702087201146867,0.5641687161823933,0.3963147595145548,0.3548299844212063,0.38851882848545627,0.664543971781404,0.49523288237808805,0.6144474445892322,0.34205771774101845,1.0,0.25094363653837365,0.451732171251529,0.6645192602252902,0.6040814602926473,0.7167056387224988,0.3942629329122046,0.25798787994209404,0.2907621141081063,0.29898284463506664,0.42838222937875525,0.45281046066071257,0.5782616121649664,0.5023438739952262,0.4427969648721532,0.6307261175700571,0.5936994632793552,0.47253035535659155,0.5731427926503817,0.43258345967987627,0.35733500404034263,0.634627729201372,0.5155102651740332,0.4464919379272502,0.6193347598496692,0.4959583393861336,0.4508165545335323,0.3988887166714936,0.4036484315002032,0.37971896370151603,0.33879523853332705,0.6506338077709635,0.6026077155069227,0.4070300471349596,0.4353299853595803,0.6997063960181114,0.23471914317990655,0.3445801886509908,0.6319680182224539,0.500127925475318,0.5990880725007114,0.40820173444461066,0.4777250457883553,0.5316294808057145,0.5500295465712913,0.51465225275135,0.6061984067517391,0.7263209641687967,0.5396314686691269,0.5318517581202895,0.6358901139560084,0.5353147594163327,0.49443411234590295,0.48360295162731287,0.7023328772143691,0.4084245637942218,0.588842528544471,0.5966842458359205,0.3972411196030126
煤炭开采和洗选业,0.37852542568096925,0.5372786558062411,0.6018750679347251,0.30898493219909723,0.2753653595821198,0.20192160172223225,0.26493211551198614,0.3640231761842856,0.21077333314767446,0.1992832940916624,0.25879404054396377,0.2622936110777788,0.30140337513383814,0.144430126243622,0.6722651740366045,0.06877045605197181,0.2738971453302605,0.18802141716259949,0.21696854788840808,0.30164548210624065,0.25094363653837365,1.0,0.086689633220155,0.33281386174973476,0.18536147822814714,0.3758532201137079,0.35051625995970376,0.08575442673483123,0.06803529117040112,0.3102291813918682,0.09544722146198445,0.14851332904266681,0.3445913348779559,0.19366231044731252,0.5882077886032232,0.2863564558031368,0.24727968431999503,0.1847012359646778,0.2591277798028125,0.3827781862562292,0.3813954185032542,0.36562445270348914,0.2645142360689757,0.5326086859107002,0.27792388597447837,0.1840728473406894,0.2137277228714753,0.1736830745289201,0.31120146918986935,0.2939790870553778,0.594822773368967,0.2311417369946623,0.37856909036168185,0.528727426960964,0.2649456841935932,0.20971748342489246,0.13192476879340237,0.050669015714616954,0.4412902474506111,0.37172526719384164,0.1955065928527019,0.2399031971651623,0.15940977518912994,0.35714942674901323,0.4339446249306914,0.3502111986695044,0.23909200386455354,0.2939989600431946,0.26199587393853974,0.3829299674525458,0.18653461460667492,0.16837400456911783,0.1534329600701046,0.175012550115726,0.2580253658411156,0.16573876110366514,0.1131965036248764,0.3349027468401577,0.5062818823503326
研究和试验发展,0.3076160615245058,0.2894052157915629,0.28076041283951403,0.4910576225998339,0.3182701371444984,0.3969687608182161,0.37336926320209796,0.33859952900371376,0.3348793797273945,0.26387715302609566,0.38315217148837294,0.34281122187560015,0.30961109781993057,0.4059323751493998,0.15066929615487648,0.28550174137116885,0.4466655647781114,0.491710314503667,0.48669579012083397,0.26541340910654093,0.451732171251529,0.086689633220155,1.0,0.3601157667692418,0.4921323436295531,0.4202504679964199,0.26997940324984354,0.276671392426729,0.2339360408542626,0.26312802853919987,0.3867539775085766,0.5117000054226813,0.4093437285127095,0.4095347247886303,0.23728018712087842,0.3561198866950926,0.541666900901846,0.41556083600776034,0.34166161913419923,0.31662600057305557,0.22794676088488247,0.424368927892706,0.34666875602272385,0.2977365794888845,0.40902666386940006,0.42364252269018626,0.3758484401561986,0.24872355602067833,0.3457522357519065,0.32796472753243017,0.1782107908494872,0.4628090779611505,0.31061866978805697,0.189463167439165,0.34665590185038514,0.4020021808628039,0.11063811441189333,0.23005596198095268,0.34195960787245216,0.2459121999681225,0.43701449815465276,0.28417571823026816,0.27387787384488754,0.3487862658493869,0.3629985040376793,0.29754068150054125,0.40488203544001267,0.3999274865403958,0.34563954880317754,0.35602638251552277,0.438953144782858,0.3229314556749698,0.36499632663409187,0.5046883738377467,0.44411788262310076,0.2715280864279066,0.5392824287697943,0.35768186373681143,0.23640278653701058
道路运输业,0.48926239185661907,0.6774602759385415,0.5750970530968471,0.7821791568220858,0.49953088966342474,0.527722374952075,0.49072203581237156,0.4823022356808266,0.5655127373953985,0.5301711480293897,0.6798724785206715,0.46855291235076724,0.6578022238204692,0.3764853289443354,0.4587023696962444,0.4667486065998384,0.6631335539380185,0.5115190287618536,0.6485005837701132,0.3500062631147353,0.6645192602252902,0.33281386174973476,0.3601157667692418,1.0,0.6325314597517819,0.7354369830812353,0.40272154618513367,0.24250331914898954,0.2922134408254105,0.31653511212906643,0.45218610527372133,0.5271670340043364,0.4975804249890692,0.5874350861346326,0.4599659366370607,0.6939867468547936,0.55716504725903,0.5133740930474621,0.6407296852060282,0.38243731356248994,0.3376543667029552,0.6859932589199739,0.47946135088927244,0.5502330101360084,0.5954631084735355,0.5204531101657055,0.5099451423671624,0.45498399786608956,0.35969883219171095,0.37391249843496616,0.36060889468899804,0.6668518829732025,0.6138976985444661,0.4744241630053109,0.41344578561046696,0.6672104079722435,0.2681552918176203,0.3140389958461237,0.7054674729950794,0.6204979818501875,0.679837448450883,0.5457261325896382,0.4838552530675284,0.6462209092885263,0.5277004720186338,0.5413013460960397,0.6994967501244403,0.7552039285468202,0.6737645962382003,0.6535193947101152,0.603282645858701,0.5858312579171837,0.5086844681884142,0.49036985897001334,0.7344276781430205,0.4414353031645314,0.613345572060445,0.6535908941769454,0.4450501167153115
仪器仪表制造业,0.46302352521182694,0.5677897841483773,0.46602181872963805,0.8288894226473438,0.4936623730791112,0.6404016031745431,0.5595679887309845,0.5320136026892576,0.6304219927163958,0.41990050032259807,0.7248999560172985,0.4476767513289163,0.5634679876502697,0.4804941381014916,0.354548444660481,0.4511414825491263,0.6292767680286825,0.6007291268427694,0.7997957709481672,0.3142199283465009,0.6040814602926473,0.18536147822814714,0.4921323436295531,0.6325314597517819,1.0,0.6909886862577935,0.3993663736358458,0.2933232058761496,0.30604395654186456,0.3412284696786538,0.5341022603015003,0.5356908568359279,0.5355174475354757,0.7091186204500882,0.38827192328417737,0.7058880706928685,0.6394012824608348,0.6368893704989474,0.6111951455107354,0.4184864802479186,0.32582885746465456,0.7341836061528454,0.4939074847264246,0.5315688413164921,0.6477522472675133,0.5535679722851027,0.5599943212667354,0.488665115104628,0.36636995040564724,0.3932145577878645,0.2851695545012508,0.7094709430380228,0.5573242439541302,0.3559529254115702,0.489229283153171,0.6117269411988615,0.2806524951086898,0.3823108303239215,0.6397756304893749,0.5204884796171851,0.7035086489459329,0.4354281281652812,0.49070266082288583,0.5959321208193376,0.57223700861298,0.4975731078618353,0.6684519220488282,0.7093233204619601,0.6313810924410075,0.6650135409686839,0.6157605759090927,0.6133597052508221,0.5359360234731931,0.5683677176349412,0.7438017789002482,0.49930521887528273,0.797208432246482,0.641612854809125,0.3436803730267771
建筑装饰和其他安装业,0.5425154575159382,0.7117594025223479,0.6533577160789422,0.848522910169581,0.5147508163927522,0.5864736300078378,0.6036475328419263,0.530244299861569,0.5829982161816061,0.5303980655257372,0.7385884253700385,0.4931290357418747,0.6805158168573054,0.552557949758977,0.5152700956633794,0.41770910741791795,0.6903487361466061,0.5806642108336363,0.7180914232400153,0.3709110005853716,0.7167056387224988,0.3758532201137079,0.4202504679964199,0.7354369830812353,0.6909886862577935,1.0,0.45608888236723644,0.19761941437991568,0.26037777175074905,0.34509372574069597,0.5038111704578065,0.553494466223638,0.6119149092938032,0.5994265860226784,0.5122807485843343,0.7252056503945035,0.6269468071079219,0.5031004830329269,0.6201044356795462,0.5634823690089459,0.45163061705807495,0.7614188182154128,0.5025443408535352,0.610271436702223,0.6718528410015698,0.5589076002209818,0.5841288126919905,0.4294160479795883,0.4427091317071678,0.41068184854326734,0.46730583804475523,0.7331355577413043,0.6791544492163325,0.510409669482188,0.4434068145883123,0.6558795919436923,0.24144682570965234,0.34684036438633703,0.7283823276487795,0.607454649606342,0.7213601315795021,0.5417275420895256,0.5653362629737205,0.623326502309317,0.6172631258097019,0.5735210700503245,0.7100552470321236,0.7795501838837909,0.6857993340591331,0.6767211391908483,0.6476745601263104,0.5895383412485967,0.5198023576165877,0.5545969483926186,0.7655709611018765,0.4482405937841661,0.6818152703023437,0.6376915247125394,0.5208081291943722
