{
 "metadata": {
  "language_info": {
   "codemirror_mode": {
    "name": "ipython",
    "version": 3
   },
   "file_extension": ".py",
   "mimetype": "text/x-python",
   "name": "python",
   "nbconvert_exporter": "python",
   "pygments_lexer": "ipython3",
   "version": "3.8.5-final"
  },
  "orig_nbformat": 2,
  "kernelspec": {
   "name": "python3",
   "display_name": "Python 3.8.5 64-bit ('base': conda)",
   "metadata": {
    "interpreter": {
     "hash": "0b0d73a7eb9aaf9f1c37dbdf213c2c9676d43f6bee5650984843b881ebbf9b83"
    }
   }
  }
 },
 "nbformat": 4,
 "nbformat_minor": 2,
 "cells": [
  {
   "cell_type": "code",
   "execution_count": 1,
   "metadata": {},
   "outputs": [],
   "source": [
    "import pandas as pd\n",
    "import matplotlib.pyplot as plt \n",
    "import numpy as np \n",
    "import os\n",
    "import itertools\n",
    "import numpy.ma as ma\n",
    "from tqdm import tqdm\n",
    "import networkx as nx \n",
    "import time \n",
    "import planarity"
   ]
  },
  {
   "cell_type": "code",
   "execution_count": 2,
   "metadata": {},
   "outputs": [
    {
     "output_type": "execute_result",
     "data": {
      "text/plain": [
       "                  居民服务维修业  交通运输仓储邮政业       建筑业    住宿和餐饮业  科学研究和技术服务业  \\\n",
       "居民服务维修业          1.000000   0.207183  0.236646  0.154320    0.226405   \n",
       "交通运输仓储邮政业        0.207183   1.000000  0.410633  0.253216    0.425082   \n",
       "建筑业              0.236646   0.410633  1.000000  0.316863    0.401720   \n",
       "住宿和餐饮业           0.154320   0.253216  0.316863  1.000000    0.150868   \n",
       "科学研究和技术服务业       0.226405   0.425082  0.401720  0.150868    1.000000   \n",
       "制造业              0.110826   0.441468  0.376860  0.349536    0.474937   \n",
       "采矿业              0.322219   0.277871  0.320336  0.279736    0.237203   \n",
       "文体娱乐业            0.249275   0.417651  0.396134  0.214556    0.403222   \n",
       "教育业              0.123344   0.365744  0.931601  0.253447    0.392518   \n",
       "信息传输、软件和信息技术服务业  0.358567   0.370094  0.405755  0.269766    0.512579   \n",
       "金融业              0.302209   0.362618  0.298299  0.465568    0.278615   \n",
       "租赁和商务服务业         0.093224   0.337374  0.302025  0.310466    0.409388   \n",
       "水利、环境和公共设施管理业    0.268093   0.348190  0.398074  0.247667    0.398291   \n",
       "农林牧渔业            0.211015   0.324012  0.235542  0.214620    0.358362   \n",
       "电热燃水生产和供应业       0.273998   0.325522  0.372768  0.334887    0.222428   \n",
       "批发和零售业           0.255118   0.500407  0.498262  0.264407    0.659976   \n",
       "综合业              0.484282   0.385488  0.338167  0.202810    0.465581   \n",
       "房地产业             0.175168   0.310992  0.336842  0.454982    0.192829   \n",
       "卫生和社会工作业         0.235725   0.493716  0.430905  0.234337    0.769794   \n",
       "\n",
       "                      制造业       采矿业     文体娱乐业       教育业  信息传输、软件和信息技术服务业  \\\n",
       "居民服务维修业          0.110826  0.322219  0.249275  0.123344         0.358567   \n",
       "交通运输仓储邮政业        0.441468  0.277871  0.417651  0.365744         0.370094   \n",
       "建筑业              0.376860  0.320336  0.396134  0.931601         0.405755   \n",
       "住宿和餐饮业           0.349536  0.279736  0.214556  0.253447         0.269766   \n",
       "科学研究和技术服务业       0.474937  0.237203  0.403222  0.392518         0.512579   \n",
       "制造业              1.000000  0.337162  0.381523  0.338029         0.398363   \n",
       "采矿业              0.337162  1.000000  0.355599  0.169824         0.437266   \n",
       "文体娱乐业            0.381523  0.355599  1.000000  0.362586         0.504303   \n",
       "教育业              0.338029  0.169824  0.362586  1.000000         0.358038   \n",
       "信息传输、软件和信息技术服务业  0.398363  0.437266  0.504303  0.358038         1.000000   \n",
       "金融业              0.416400  0.635029  0.303596  0.143834         0.397708   \n",
       "租赁和商务服务业         0.399861  0.239733  0.346646  0.279184         0.334973   \n",
       "水利、环境和公共设施管理业    0.316499  0.363583  0.455420  0.316534         0.442795   \n",
       "农林牧渔业            0.282442  0.313964  0.273742  0.200801         0.359565   \n",
       "电热燃水生产和供应业       0.445761  0.514850  0.268288  0.266017         0.366047   \n",
       "批发和零售业           0.546442  0.378648  0.496204  0.452223         0.567161   \n",
       "综合业              0.322301  0.542627  0.376407  0.247701         0.597908   \n",
       "房地产业             0.385930  0.488485  0.214235  0.174272         0.294229   \n",
       "卫生和社会工作业         0.552789  0.353624  0.419090  0.414556         0.534191   \n",
       "\n",
       "                      金融业  租赁和商务服务业  水利、环境和公共设施管理业     农林牧渔业  电热燃水生产和供应业  \\\n",
       "居民服务维修业          0.302209  0.093224       0.268093  0.211015    0.273998   \n",
       "交通运输仓储邮政业        0.362618  0.337374       0.348190  0.324012    0.325522   \n",
       "建筑业              0.298299  0.302025       0.398074  0.235542    0.372768   \n",
       "住宿和餐饮业           0.465568  0.310466       0.247667  0.214620    0.334887   \n",
       "科学研究和技术服务业       0.278615  0.409388       0.398291  0.358362    0.222428   \n",
       "制造业              0.416400  0.399861       0.316499  0.282442    0.445761   \n",
       "采矿业              0.635029  0.239733       0.363583  0.313964    0.514850   \n",
       "文体娱乐业            0.303596  0.346646       0.455420  0.273742    0.268288   \n",
       "教育业              0.143834  0.279184       0.316534  0.200801    0.266017   \n",
       "信息传输、软件和信息技术服务业  0.397708  0.334973       0.442795  0.359565    0.366047   \n",
       "金融业              1.000000  0.299405       0.379889  0.365738    0.483397   \n",
       "租赁和商务服务业         0.299405  1.000000       0.227432  0.306178    0.201009   \n",
       "水利、环境和公共设施管理业    0.379889  0.227432       1.000000  0.356117    0.337396   \n",
       "农林牧渔业            0.365738  0.306178       0.356117  1.000000    0.306233   \n",
       "电热燃水生产和供应业       0.483397  0.201009       0.337396  0.306233    1.000000   \n",
       "批发和零售业           0.358951  0.474238       0.511776  0.454000    0.420027   \n",
       "综合业              0.504562  0.249608       0.415414  0.334307    0.385404   \n",
       "房地产业             0.717086  0.293758       0.327636  0.370363    0.448248   \n",
       "卫生和社会工作业         0.321394  0.412791       0.423835  0.405057    0.353448   \n",
       "\n",
       "                   批发和零售业       综合业      房地产业  卫生和社会工作业  \n",
       "居民服务维修业          0.255118  0.484282  0.175168  0.235725  \n",
       "交通运输仓储邮政业        0.500407  0.385488  0.310992  0.493716  \n",
       "建筑业              0.498262  0.338167  0.336842  0.430905  \n",
       "住宿和餐饮业           0.264407  0.202810  0.454982  0.234337  \n",
       "科学研究和技术服务业       0.659976  0.465581  0.192829  0.769794  \n",
       "制造业              0.546442  0.322301  0.385930  0.552789  \n",
       "采矿业              0.378648  0.542627  0.488485  0.353624  \n",
       "文体娱乐业            0.496204  0.376407  0.214235  0.419090  \n",
       "教育业              0.452223  0.247701  0.174272  0.414556  \n",
       "信息传输、软件和信息技术服务业  0.567161  0.597908  0.294229  0.534191  \n",
       "金融业              0.358951  0.504562  0.717086  0.321394  \n",
       "租赁和商务服务业         0.474238  0.249608  0.293758  0.412791  \n",
       "水利、环境和公共设施管理业    0.511776  0.415414  0.327636  0.423835  \n",
       "农林牧渔业            0.454000  0.334307  0.370363  0.405057  \n",
       "电热燃水生产和供应业       0.420027  0.385404  0.448248  0.353448  \n",
       "批发和零售业           1.000000  0.485938  0.246439  0.717903  \n",
       "综合业              0.485938  1.000000  0.399646  0.463193  \n",
       "房地产业             0.246439  0.399646  1.000000  0.193519  \n",
       "卫生和社会工作业         0.717903  0.463193  0.193519  1.000000  "
      ],
      "text/html": "<div>\n<style scoped>\n    .dataframe tbody tr th:only-of-type {\n        vertical-align: middle;\n    }\n\n    .dataframe tbody tr th {\n        vertical-align: top;\n    }\n\n    .dataframe thead th {\n        text-align: right;\n    }\n</style>\n<table border=\"1\" class=\"dataframe\">\n  <thead>\n    <tr style=\"text-align: right;\">\n      <th></th>\n      <th>居民服务维修业</th>\n      <th>交通运输仓储邮政业</th>\n      <th>建筑业</th>\n      <th>住宿和餐饮业</th>\n      <th>科学研究和技术服务业</th>\n      <th>制造业</th>\n      <th>采矿业</th>\n      <th>文体娱乐业</th>\n      <th>教育业</th>\n      <th>信息传输、软件和信息技术服务业</th>\n      <th>金融业</th>\n      <th>租赁和商务服务业</th>\n      <th>水利、环境和公共设施管理业</th>\n      <th>农林牧渔业</th>\n      <th>电热燃水生产和供应业</th>\n      <th>批发和零售业</th>\n      <th>综合业</th>\n      <th>房地产业</th>\n      <th>卫生和社会工作业</th>\n    </tr>\n  </thead>\n  <tbody>\n    <tr>\n      <th>居民服务维修业</th>\n      <td>1.000000</td>\n      <td>0.207183</td>\n      <td>0.236646</td>\n      <td>0.154320</td>\n      <td>0.226405</td>\n      <td>0.110826</td>\n      <td>0.322219</td>\n      <td>0.249275</td>\n      <td>0.123344</td>\n      <td>0.358567</td>\n      <td>0.302209</td>\n      <td>0.093224</td>\n      <td>0.268093</td>\n      <td>0.211015</td>\n      <td>0.273998</td>\n      <td>0.255118</td>\n      <td>0.484282</td>\n      <td>0.175168</td>\n      <td>0.235725</td>\n    </tr>\n    <tr>\n      <th>交通运输仓储邮政业</th>\n      <td>0.207183</td>\n      <td>1.000000</td>\n      <td>0.410633</td>\n      <td>0.253216</td>\n      <td>0.425082</td>\n      <td>0.441468</td>\n      <td>0.277871</td>\n      <td>0.417651</td>\n      <td>0.365744</td>\n      <td>0.370094</td>\n      <td>0.362618</td>\n      <td>0.337374</td>\n      <td>0.348190</td>\n      <td>0.324012</td>\n      <td>0.325522</td>\n      <td>0.500407</td>\n      <td>0.385488</td>\n      <td>0.310992</td>\n      <td>0.493716</td>\n    </tr>\n    <tr>\n      <th>建筑业</th>\n      <td>0.236646</td>\n      <td>0.410633</td>\n      <td>1.000000</td>\n      <td>0.316863</td>\n      <td>0.401720</td>\n      <td>0.376860</td>\n      <td>0.320336</td>\n      <td>0.396134</td>\n      <td>0.931601</td>\n      <td>0.405755</td>\n      <td>0.298299</td>\n      <td>0.302025</td>\n      <td>0.398074</td>\n      <td>0.235542</td>\n      <td>0.372768</td>\n      <td>0.498262</td>\n      <td>0.338167</td>\n      <td>0.336842</td>\n      <td>0.430905</td>\n    </tr>\n    <tr>\n      <th>住宿和餐饮业</th>\n      <td>0.154320</td>\n      <td>0.253216</td>\n      <td>0.316863</td>\n      <td>1.000000</td>\n      <td>0.150868</td>\n      <td>0.349536</td>\n      <td>0.279736</td>\n      <td>0.214556</td>\n      <td>0.253447</td>\n      <td>0.269766</td>\n      <td>0.465568</td>\n      <td>0.310466</td>\n      <td>0.247667</td>\n      <td>0.214620</td>\n      <td>0.334887</td>\n      <td>0.264407</td>\n      <td>0.202810</td>\n      <td>0.454982</td>\n      <td>0.234337</td>\n    </tr>\n    <tr>\n      <th>科学研究和技术服务业</th>\n      <td>0.226405</td>\n      <td>0.425082</td>\n      <td>0.401720</td>\n      <td>0.150868</td>\n      <td>1.000000</td>\n      <td>0.474937</td>\n      <td>0.237203</td>\n      <td>0.403222</td>\n      <td>0.392518</td>\n      <td>0.512579</td>\n      <td>0.278615</td>\n      <td>0.409388</td>\n      <td>0.398291</td>\n      <td>0.358362</td>\n      <td>0.222428</td>\n      <td>0.659976</td>\n      <td>0.465581</td>\n      <td>0.192829</td>\n      <td>0.769794</td>\n    </tr>\n    <tr>\n      <th>制造业</th>\n      <td>0.110826</td>\n      <td>0.441468</td>\n      <td>0.376860</td>\n      <td>0.349536</td>\n      <td>0.474937</td>\n      <td>1.000000</td>\n      <td>0.337162</td>\n      <td>0.381523</td>\n      <td>0.338029</td>\n      <td>0.398363</td>\n      <td>0.416400</td>\n      <td>0.399861</td>\n      <td>0.316499</td>\n      <td>0.282442</td>\n      <td>0.445761</td>\n      <td>0.546442</td>\n      <td>0.322301</td>\n      <td>0.385930</td>\n      <td>0.552789</td>\n    </tr>\n    <tr>\n      <th>采矿业</th>\n      <td>0.322219</td>\n      <td>0.277871</td>\n      <td>0.320336</td>\n      <td>0.279736</td>\n      <td>0.237203</td>\n      <td>0.337162</td>\n      <td>1.000000</td>\n      <td>0.355599</td>\n      <td>0.169824</td>\n      <td>0.437266</td>\n      <td>0.635029</td>\n      <td>0.239733</td>\n      <td>0.363583</td>\n      <td>0.313964</td>\n      <td>0.514850</td>\n      <td>0.378648</td>\n      <td>0.542627</td>\n      <td>0.488485</td>\n      <td>0.353624</td>\n    </tr>\n    <tr>\n      <th>文体娱乐业</th>\n      <td>0.249275</td>\n      <td>0.417651</td>\n      <td>0.396134</td>\n      <td>0.214556</td>\n      <td>0.403222</td>\n      <td>0.381523</td>\n      <td>0.355599</td>\n      <td>1.000000</td>\n      <td>0.362586</td>\n      <td>0.504303</td>\n      <td>0.303596</td>\n      <td>0.346646</td>\n      <td>0.455420</td>\n      <td>0.273742</td>\n      <td>0.268288</td>\n      <td>0.496204</td>\n      <td>0.376407</td>\n      <td>0.214235</td>\n      <td>0.419090</td>\n    </tr>\n    <tr>\n      <th>教育业</th>\n      <td>0.123344</td>\n      <td>0.365744</td>\n      <td>0.931601</td>\n      <td>0.253447</td>\n      <td>0.392518</td>\n      <td>0.338029</td>\n      <td>0.169824</td>\n      <td>0.362586</td>\n      <td>1.000000</td>\n      <td>0.358038</td>\n      <td>0.143834</td>\n      <td>0.279184</td>\n      <td>0.316534</td>\n      <td>0.200801</td>\n      <td>0.266017</td>\n      <td>0.452223</td>\n      <td>0.247701</td>\n      <td>0.174272</td>\n      <td>0.414556</td>\n    </tr>\n    <tr>\n      <th>信息传输、软件和信息技术服务业</th>\n      <td>0.358567</td>\n      <td>0.370094</td>\n      <td>0.405755</td>\n      <td>0.269766</td>\n      <td>0.512579</td>\n      <td>0.398363</td>\n      <td>0.437266</td>\n      <td>0.504303</td>\n      <td>0.358038</td>\n      <td>1.000000</td>\n      <td>0.397708</td>\n      <td>0.334973</td>\n      <td>0.442795</td>\n      <td>0.359565</td>\n      <td>0.366047</td>\n      <td>0.567161</td>\n      <td>0.597908</td>\n      <td>0.294229</td>\n      <td>0.534191</td>\n    </tr>\n    <tr>\n      <th>金融业</th>\n      <td>0.302209</td>\n      <td>0.362618</td>\n      <td>0.298299</td>\n      <td>0.465568</td>\n      <td>0.278615</td>\n      <td>0.416400</td>\n      <td>0.635029</td>\n      <td>0.303596</td>\n      <td>0.143834</td>\n      <td>0.397708</td>\n      <td>1.000000</td>\n      <td>0.299405</td>\n      <td>0.379889</td>\n      <td>0.365738</td>\n      <td>0.483397</td>\n      <td>0.358951</td>\n      <td>0.504562</td>\n      <td>0.717086</td>\n      <td>0.321394</td>\n    </tr>\n    <tr>\n      <th>租赁和商务服务业</th>\n      <td>0.093224</td>\n      <td>0.337374</td>\n      <td>0.302025</td>\n      <td>0.310466</td>\n      <td>0.409388</td>\n      <td>0.399861</td>\n      <td>0.239733</td>\n      <td>0.346646</td>\n      <td>0.279184</td>\n      <td>0.334973</td>\n      <td>0.299405</td>\n      <td>1.000000</td>\n      <td>0.227432</td>\n      <td>0.306178</td>\n      <td>0.201009</td>\n      <td>0.474238</td>\n      <td>0.249608</td>\n      <td>0.293758</td>\n      <td>0.412791</td>\n    </tr>\n    <tr>\n      <th>水利、环境和公共设施管理业</th>\n      <td>0.268093</td>\n      <td>0.348190</td>\n      <td>0.398074</td>\n      <td>0.247667</td>\n      <td>0.398291</td>\n      <td>0.316499</td>\n      <td>0.363583</td>\n      <td>0.455420</td>\n      <td>0.316534</td>\n      <td>0.442795</td>\n      <td>0.379889</td>\n      <td>0.227432</td>\n      <td>1.000000</td>\n      <td>0.356117</td>\n      <td>0.337396</td>\n      <td>0.511776</td>\n      <td>0.415414</td>\n      <td>0.327636</td>\n      <td>0.423835</td>\n    </tr>\n    <tr>\n      <th>农林牧渔业</th>\n      <td>0.211015</td>\n      <td>0.324012</td>\n      <td>0.235542</td>\n      <td>0.214620</td>\n      <td>0.358362</td>\n      <td>0.282442</td>\n      <td>0.313964</td>\n      <td>0.273742</td>\n      <td>0.200801</td>\n      <td>0.359565</td>\n      <td>0.365738</td>\n      <td>0.306178</td>\n      <td>0.356117</td>\n      <td>1.000000</td>\n      <td>0.306233</td>\n      <td>0.454000</td>\n      <td>0.334307</td>\n      <td>0.370363</td>\n      <td>0.405057</td>\n    </tr>\n    <tr>\n      <th>电热燃水生产和供应业</th>\n      <td>0.273998</td>\n      <td>0.325522</td>\n      <td>0.372768</td>\n      <td>0.334887</td>\n      <td>0.222428</td>\n      <td>0.445761</td>\n      <td>0.514850</td>\n      <td>0.268288</td>\n      <td>0.266017</td>\n      <td>0.366047</td>\n      <td>0.483397</td>\n      <td>0.201009</td>\n      <td>0.337396</td>\n      <td>0.306233</td>\n      <td>1.000000</td>\n      <td>0.420027</td>\n      <td>0.385404</td>\n      <td>0.448248</td>\n      <td>0.353448</td>\n    </tr>\n    <tr>\n      <th>批发和零售业</th>\n      <td>0.255118</td>\n      <td>0.500407</td>\n      <td>0.498262</td>\n      <td>0.264407</td>\n      <td>0.659976</td>\n      <td>0.546442</td>\n      <td>0.378648</td>\n      <td>0.496204</td>\n      <td>0.452223</td>\n      <td>0.567161</td>\n      <td>0.358951</td>\n      <td>0.474238</td>\n      <td>0.511776</td>\n      <td>0.454000</td>\n      <td>0.420027</td>\n      <td>1.000000</td>\n      <td>0.485938</td>\n      <td>0.246439</td>\n      <td>0.717903</td>\n    </tr>\n    <tr>\n      <th>综合业</th>\n      <td>0.484282</td>\n      <td>0.385488</td>\n      <td>0.338167</td>\n      <td>0.202810</td>\n      <td>0.465581</td>\n      <td>0.322301</td>\n      <td>0.542627</td>\n      <td>0.376407</td>\n      <td>0.247701</td>\n      <td>0.597908</td>\n      <td>0.504562</td>\n      <td>0.249608</td>\n      <td>0.415414</td>\n      <td>0.334307</td>\n      <td>0.385404</td>\n      <td>0.485938</td>\n      <td>1.000000</td>\n      <td>0.399646</td>\n      <td>0.463193</td>\n    </tr>\n    <tr>\n      <th>房地产业</th>\n      <td>0.175168</td>\n      <td>0.310992</td>\n      <td>0.336842</td>\n      <td>0.454982</td>\n      <td>0.192829</td>\n      <td>0.385930</td>\n      <td>0.488485</td>\n      <td>0.214235</td>\n      <td>0.174272</td>\n      <td>0.294229</td>\n      <td>0.717086</td>\n      <td>0.293758</td>\n      <td>0.327636</td>\n      <td>0.370363</td>\n      <td>0.448248</td>\n      <td>0.246439</td>\n      <td>0.399646</td>\n      <td>1.000000</td>\n      <td>0.193519</td>\n    </tr>\n    <tr>\n      <th>卫生和社会工作业</th>\n      <td>0.235725</td>\n      <td>0.493716</td>\n      <td>0.430905</td>\n      <td>0.234337</td>\n      <td>0.769794</td>\n      <td>0.552789</td>\n      <td>0.353624</td>\n      <td>0.419090</td>\n      <td>0.414556</td>\n      <td>0.534191</td>\n      <td>0.321394</td>\n      <td>0.412791</td>\n      <td>0.423835</td>\n      <td>0.405057</td>\n      <td>0.353448</td>\n      <td>0.717903</td>\n      <td>0.463193</td>\n      <td>0.193519</td>\n      <td>1.000000</td>\n    </tr>\n  </tbody>\n</table>\n</div>"
     },
     "metadata": {},
     "execution_count": 2
    }
   ],
   "source": [
    "year = 2020\n",
    "corr = pd.read_csv(f'{year} first-level corr.csv',index_col=0)\n",
    "corr"
   ]
  },
  {
   "cell_type": "code",
   "execution_count": 5,
   "metadata": {},
   "outputs": [],
   "source": [
    "distance_m = pd.DataFrame(np.tril(np.sqrt((1-corr)/2)))\n",
    "distance_m.columns=corr.columns\n",
    "distance_m.index=corr.columns"
   ]
  },
  {
   "cell_type": "code",
   "execution_count": 6,
   "metadata": {},
   "outputs": [
    {
     "output_type": "execute_result",
     "data": {
      "text/plain": [
       "                  居民服务维修业  交通运输仓储邮政业       建筑业    住宿和餐饮业  科学研究和技术服务业  \\\n",
       "居民服务维修业          0.000000   0.000000  0.000000  0.000000    0.000000   \n",
       "交通运输仓储邮政业        0.629610   0.000000  0.000000  0.000000    0.000000   \n",
       "建筑业              0.617800   0.542848  0.000000  0.000000    0.000000   \n",
       "住宿和餐饮业           0.650262   0.611058  0.584439  0.000000    0.000000   \n",
       "科学研究和技术服务业       0.621930   0.536152  0.546937  0.651587    0.000000   \n",
       "制造业              0.666773   0.528456  0.558185  0.570291    0.512378   \n",
       "采矿业              0.582143   0.600886  0.582951  0.600110    0.617575   \n",
       "文体娱乐业            0.612668   0.539606  0.549484  0.626675    0.546250   \n",
       "教育业              0.662063   0.563141  0.184931  0.610963    0.551127   \n",
       "信息传输、软件和信息技术服务业  0.566318   0.561207  0.545090  0.604249    0.493671   \n",
       "金融业              0.590674   0.564527  0.592327  0.516930    0.600577   \n",
       "租赁和商务服务业         0.673341   0.575598  0.590752  0.587168    0.543421   \n",
       "水利、环境和公共设施管理业    0.604941   0.570881  0.548601  0.613324    0.548502   \n",
       "农林牧渔业            0.628086   0.581372  0.618247  0.626650    0.566409   \n",
       "电热燃水生产和供应业       0.602495   0.580723  0.560014  0.576677    0.623527   \n",
       "批发和零售业           0.610279   0.499796  0.500868  0.606462    0.412325   \n",
       "综合业              0.507798   0.554307  0.575253  0.631344    0.516923   \n",
       "房地产业             0.642196   0.586945  0.575829  0.522024    0.635284   \n",
       "卫生和社会工作业         0.618173   0.503132  0.533430  0.618734    0.339268   \n",
       "\n",
       "                      制造业       采矿业     文体娱乐业       教育业  信息传输、软件和信息技术服务业  \\\n",
       "居民服务维修业          0.000000  0.000000  0.000000  0.000000         0.000000   \n",
       "交通运输仓储邮政业        0.000000  0.000000  0.000000  0.000000         0.000000   \n",
       "建筑业              0.000000  0.000000  0.000000  0.000000         0.000000   \n",
       "住宿和餐饮业           0.000000  0.000000  0.000000  0.000000         0.000000   \n",
       "科学研究和技术服务业       0.000000  0.000000  0.000000  0.000000         0.000000   \n",
       "制造业              0.000000  0.000000  0.000000  0.000000         0.000000   \n",
       "采矿业              0.575690  0.000000  0.000000  0.000000         0.000000   \n",
       "文体娱乐业            0.556092  0.567627  0.000000  0.000000         0.000000   \n",
       "教育业              0.575313  0.644273  0.564541  0.000000         0.000000   \n",
       "信息传输、软件和信息技术服务业  0.548469  0.530440  0.497844  0.566552         0.000000   \n",
       "金融业              0.540185  0.427183  0.590086  0.654280         0.548768   \n",
       "租赁和商务服务业         0.547786  0.616550  0.571557  0.600340         0.576640   \n",
       "水利、环境和公共设施管理业    0.584594  0.564100  0.521814  0.584579         0.527828   \n",
       "农林牧渔业            0.598982  0.585678  0.602602  0.632139         0.565877   \n",
       "电热燃水生产和供应业       0.526421  0.492519  0.604860  0.605798         0.563007   \n",
       "批发和零售业           0.476213  0.557383  0.501895  0.523344         0.465209   \n",
       "综合业              0.582108  0.478212  0.558388  0.613310         0.448381   \n",
       "房地产业             0.554107  0.505725  0.626803  0.642545         0.594042   \n",
       "卫生和社会工作业         0.472869  0.568496  0.538939  0.541038         0.482602   \n",
       "\n",
       "                      金融业  租赁和商务服务业  水利、环境和公共设施管理业     农林牧渔业  电热燃水生产和供应业  \\\n",
       "居民服务维修业          0.000000  0.000000       0.000000  0.000000    0.000000   \n",
       "交通运输仓储邮政业        0.000000  0.000000       0.000000  0.000000    0.000000   \n",
       "建筑业              0.000000  0.000000       0.000000  0.000000    0.000000   \n",
       "住宿和餐饮业           0.000000  0.000000       0.000000  0.000000    0.000000   \n",
       "科学研究和技术服务业       0.000000  0.000000       0.000000  0.000000    0.000000   \n",
       "制造业              0.000000  0.000000       0.000000  0.000000    0.000000   \n",
       "采矿业              0.000000  0.000000       0.000000  0.000000    0.000000   \n",
       "文体娱乐业            0.000000  0.000000       0.000000  0.000000    0.000000   \n",
       "教育业              0.000000  0.000000       0.000000  0.000000    0.000000   \n",
       "信息传输、软件和信息技术服务业  0.000000  0.000000       0.000000  0.000000    0.000000   \n",
       "金融业              0.000000  0.000000       0.000000  0.000000    0.000000   \n",
       "租赁和商务服务业         0.591859  0.000000       0.000000  0.000000    0.000000   \n",
       "水利、环境和公共设施管理业    0.556826  0.621517       0.000000  0.000000    0.000000   \n",
       "农林牧渔业            0.563144  0.588992       0.567399  0.000000    0.000000   \n",
       "电热燃水生产和供应业       0.508234  0.632057       0.575588  0.588968    0.000000   \n",
       "批发和零售业           0.566149  0.512719       0.494077  0.522494    0.538504   \n",
       "综合业              0.497714  0.612533       0.540641  0.576928    0.554345   \n",
       "房地产业             0.376108  0.594240       0.579812  0.561087    0.525239   \n",
       "卫生和社会工作业         0.582497  0.541853       0.536733  0.545410    0.568574   \n",
       "\n",
       "                   批发和零售业       综合业      房地产业  卫生和社会工作业  \n",
       "居民服务维修业          0.000000  0.000000  0.000000       0.0  \n",
       "交通运输仓储邮政业        0.000000  0.000000  0.000000       0.0  \n",
       "建筑业              0.000000  0.000000  0.000000       0.0  \n",
       "住宿和餐饮业           0.000000  0.000000  0.000000       0.0  \n",
       "科学研究和技术服务业       0.000000  0.000000  0.000000       0.0  \n",
       "制造业              0.000000  0.000000  0.000000       0.0  \n",
       "采矿业              0.000000  0.000000  0.000000       0.0  \n",
       "文体娱乐业            0.000000  0.000000  0.000000       0.0  \n",
       "教育业              0.000000  0.000000  0.000000       0.0  \n",
       "信息传输、软件和信息技术服务业  0.000000  0.000000  0.000000       0.0  \n",
       "金融业              0.000000  0.000000  0.000000       0.0  \n",
       "租赁和商务服务业         0.000000  0.000000  0.000000       0.0  \n",
       "水利、环境和公共设施管理业    0.000000  0.000000  0.000000       0.0  \n",
       "农林牧渔业            0.000000  0.000000  0.000000       0.0  \n",
       "电热燃水生产和供应业       0.000000  0.000000  0.000000       0.0  \n",
       "批发和零售业           0.000000  0.000000  0.000000       0.0  \n",
       "综合业              0.506982  0.000000  0.000000       0.0  \n",
       "房地产业             0.613824  0.547884  0.000000       0.0  \n",
       "卫生和社会工作业         0.375564  0.518077  0.635012       0.0  "
      ],
      "text/html": "<div>\n<style scoped>\n    .dataframe tbody tr th:only-of-type {\n        vertical-align: middle;\n    }\n\n    .dataframe tbody tr th {\n        vertical-align: top;\n    }\n\n    .dataframe thead th {\n        text-align: right;\n    }\n</style>\n<table border=\"1\" class=\"dataframe\">\n  <thead>\n    <tr style=\"text-align: right;\">\n      <th></th>\n      <th>居民服务维修业</th>\n      <th>交通运输仓储邮政业</th>\n      <th>建筑业</th>\n      <th>住宿和餐饮业</th>\n      <th>科学研究和技术服务业</th>\n      <th>制造业</th>\n      <th>采矿业</th>\n      <th>文体娱乐业</th>\n      <th>教育业</th>\n      <th>信息传输、软件和信息技术服务业</th>\n      <th>金融业</th>\n      <th>租赁和商务服务业</th>\n      <th>水利、环境和公共设施管理业</th>\n      <th>农林牧渔业</th>\n      <th>电热燃水生产和供应业</th>\n      <th>批发和零售业</th>\n      <th>综合业</th>\n      <th>房地产业</th>\n      <th>卫生和社会工作业</th>\n    </tr>\n  </thead>\n  <tbody>\n    <tr>\n      <th>居民服务维修业</th>\n      <td>0.000000</td>\n      <td>0.000000</td>\n      <td>0.000000</td>\n      <td>0.000000</td>\n      <td>0.000000</td>\n      <td>0.000000</td>\n      <td>0.000000</td>\n      <td>0.000000</td>\n      <td>0.000000</td>\n      <td>0.000000</td>\n      <td>0.000000</td>\n      <td>0.000000</td>\n      <td>0.000000</td>\n      <td>0.000000</td>\n      <td>0.000000</td>\n      <td>0.000000</td>\n      <td>0.000000</td>\n      <td>0.000000</td>\n      <td>0.0</td>\n    </tr>\n    <tr>\n      <th>交通运输仓储邮政业</th>\n      <td>0.629610</td>\n      <td>0.000000</td>\n      <td>0.000000</td>\n      <td>0.000000</td>\n      <td>0.000000</td>\n      <td>0.000000</td>\n      <td>0.000000</td>\n      <td>0.000000</td>\n      <td>0.000000</td>\n      <td>0.000000</td>\n      <td>0.000000</td>\n      <td>0.000000</td>\n      <td>0.000000</td>\n      <td>0.000000</td>\n      <td>0.000000</td>\n      <td>0.000000</td>\n      <td>0.000000</td>\n      <td>0.000000</td>\n      <td>0.0</td>\n    </tr>\n    <tr>\n      <th>建筑业</th>\n      <td>0.617800</td>\n      <td>0.542848</td>\n      <td>0.000000</td>\n      <td>0.000000</td>\n      <td>0.000000</td>\n      <td>0.000000</td>\n      <td>0.000000</td>\n      <td>0.000000</td>\n      <td>0.000000</td>\n      <td>0.000000</td>\n      <td>0.000000</td>\n      <td>0.000000</td>\n      <td>0.000000</td>\n      <td>0.000000</td>\n      <td>0.000000</td>\n      <td>0.000000</td>\n      <td>0.000000</td>\n      <td>0.000000</td>\n      <td>0.0</td>\n    </tr>\n    <tr>\n      <th>住宿和餐饮业</th>\n      <td>0.650262</td>\n      <td>0.611058</td>\n      <td>0.584439</td>\n      <td>0.000000</td>\n      <td>0.000000</td>\n      <td>0.000000</td>\n      <td>0.000000</td>\n      <td>0.000000</td>\n      <td>0.000000</td>\n      <td>0.000000</td>\n      <td>0.000000</td>\n      <td>0.000000</td>\n      <td>0.000000</td>\n      <td>0.000000</td>\n      <td>0.000000</td>\n      <td>0.000000</td>\n      <td>0.000000</td>\n      <td>0.000000</td>\n      <td>0.0</td>\n    </tr>\n    <tr>\n      <th>科学研究和技术服务业</th>\n      <td>0.621930</td>\n      <td>0.536152</td>\n      <td>0.546937</td>\n      <td>0.651587</td>\n      <td>0.000000</td>\n      <td>0.000000</td>\n      <td>0.000000</td>\n      <td>0.000000</td>\n      <td>0.000000</td>\n      <td>0.000000</td>\n      <td>0.000000</td>\n      <td>0.000000</td>\n      <td>0.000000</td>\n      <td>0.000000</td>\n      <td>0.000000</td>\n      <td>0.000000</td>\n      <td>0.000000</td>\n      <td>0.000000</td>\n      <td>0.0</td>\n    </tr>\n    <tr>\n      <th>制造业</th>\n      <td>0.666773</td>\n      <td>0.528456</td>\n      <td>0.558185</td>\n      <td>0.570291</td>\n      <td>0.512378</td>\n      <td>0.000000</td>\n      <td>0.000000</td>\n      <td>0.000000</td>\n      <td>0.000000</td>\n      <td>0.000000</td>\n      <td>0.000000</td>\n      <td>0.000000</td>\n      <td>0.000000</td>\n      <td>0.000000</td>\n      <td>0.000000</td>\n      <td>0.000000</td>\n      <td>0.000000</td>\n      <td>0.000000</td>\n      <td>0.0</td>\n    </tr>\n    <tr>\n      <th>采矿业</th>\n      <td>0.582143</td>\n      <td>0.600886</td>\n      <td>0.582951</td>\n      <td>0.600110</td>\n      <td>0.617575</td>\n      <td>0.575690</td>\n      <td>0.000000</td>\n      <td>0.000000</td>\n      <td>0.000000</td>\n      <td>0.000000</td>\n      <td>0.000000</td>\n      <td>0.000000</td>\n      <td>0.000000</td>\n      <td>0.000000</td>\n      <td>0.000000</td>\n      <td>0.000000</td>\n      <td>0.000000</td>\n      <td>0.000000</td>\n      <td>0.0</td>\n    </tr>\n    <tr>\n      <th>文体娱乐业</th>\n      <td>0.612668</td>\n      <td>0.539606</td>\n      <td>0.549484</td>\n      <td>0.626675</td>\n      <td>0.546250</td>\n      <td>0.556092</td>\n      <td>0.567627</td>\n      <td>0.000000</td>\n      <td>0.000000</td>\n      <td>0.000000</td>\n      <td>0.000000</td>\n      <td>0.000000</td>\n      <td>0.000000</td>\n      <td>0.000000</td>\n      <td>0.000000</td>\n      <td>0.000000</td>\n      <td>0.000000</td>\n      <td>0.000000</td>\n      <td>0.0</td>\n    </tr>\n    <tr>\n      <th>教育业</th>\n      <td>0.662063</td>\n      <td>0.563141</td>\n      <td>0.184931</td>\n      <td>0.610963</td>\n      <td>0.551127</td>\n      <td>0.575313</td>\n      <td>0.644273</td>\n      <td>0.564541</td>\n      <td>0.000000</td>\n      <td>0.000000</td>\n      <td>0.000000</td>\n      <td>0.000000</td>\n      <td>0.000000</td>\n      <td>0.000000</td>\n      <td>0.000000</td>\n      <td>0.000000</td>\n      <td>0.000000</td>\n      <td>0.000000</td>\n      <td>0.0</td>\n    </tr>\n    <tr>\n      <th>信息传输、软件和信息技术服务业</th>\n      <td>0.566318</td>\n      <td>0.561207</td>\n      <td>0.545090</td>\n      <td>0.604249</td>\n      <td>0.493671</td>\n      <td>0.548469</td>\n      <td>0.530440</td>\n      <td>0.497844</td>\n      <td>0.566552</td>\n      <td>0.000000</td>\n      <td>0.000000</td>\n      <td>0.000000</td>\n      <td>0.000000</td>\n      <td>0.000000</td>\n      <td>0.000000</td>\n      <td>0.000000</td>\n      <td>0.000000</td>\n      <td>0.000000</td>\n      <td>0.0</td>\n    </tr>\n    <tr>\n      <th>金融业</th>\n      <td>0.590674</td>\n      <td>0.564527</td>\n      <td>0.592327</td>\n      <td>0.516930</td>\n      <td>0.600577</td>\n      <td>0.540185</td>\n      <td>0.427183</td>\n      <td>0.590086</td>\n      <td>0.654280</td>\n      <td>0.548768</td>\n      <td>0.000000</td>\n      <td>0.000000</td>\n      <td>0.000000</td>\n      <td>0.000000</td>\n      <td>0.000000</td>\n      <td>0.000000</td>\n      <td>0.000000</td>\n      <td>0.000000</td>\n      <td>0.0</td>\n    </tr>\n    <tr>\n      <th>租赁和商务服务业</th>\n      <td>0.673341</td>\n      <td>0.575598</td>\n      <td>0.590752</td>\n      <td>0.587168</td>\n      <td>0.543421</td>\n      <td>0.547786</td>\n      <td>0.616550</td>\n      <td>0.571557</td>\n      <td>0.600340</td>\n      <td>0.576640</td>\n      <td>0.591859</td>\n      <td>0.000000</td>\n      <td>0.000000</td>\n      <td>0.000000</td>\n      <td>0.000000</td>\n      <td>0.000000</td>\n      <td>0.000000</td>\n      <td>0.000000</td>\n      <td>0.0</td>\n    </tr>\n    <tr>\n      <th>水利、环境和公共设施管理业</th>\n      <td>0.604941</td>\n      <td>0.570881</td>\n      <td>0.548601</td>\n      <td>0.613324</td>\n      <td>0.548502</td>\n      <td>0.584594</td>\n      <td>0.564100</td>\n      <td>0.521814</td>\n      <td>0.584579</td>\n      <td>0.527828</td>\n      <td>0.556826</td>\n      <td>0.621517</td>\n      <td>0.000000</td>\n      <td>0.000000</td>\n      <td>0.000000</td>\n      <td>0.000000</td>\n      <td>0.000000</td>\n      <td>0.000000</td>\n      <td>0.0</td>\n    </tr>\n    <tr>\n      <th>农林牧渔业</th>\n      <td>0.628086</td>\n      <td>0.581372</td>\n      <td>0.618247</td>\n      <td>0.626650</td>\n      <td>0.566409</td>\n      <td>0.598982</td>\n      <td>0.585678</td>\n      <td>0.602602</td>\n      <td>0.632139</td>\n      <td>0.565877</td>\n      <td>0.563144</td>\n      <td>0.588992</td>\n      <td>0.567399</td>\n      <td>0.000000</td>\n      <td>0.000000</td>\n      <td>0.000000</td>\n      <td>0.000000</td>\n      <td>0.000000</td>\n      <td>0.0</td>\n    </tr>\n    <tr>\n      <th>电热燃水生产和供应业</th>\n      <td>0.602495</td>\n      <td>0.580723</td>\n      <td>0.560014</td>\n      <td>0.576677</td>\n      <td>0.623527</td>\n      <td>0.526421</td>\n      <td>0.492519</td>\n      <td>0.604860</td>\n      <td>0.605798</td>\n      <td>0.563007</td>\n      <td>0.508234</td>\n      <td>0.632057</td>\n      <td>0.575588</td>\n      <td>0.588968</td>\n      <td>0.000000</td>\n      <td>0.000000</td>\n      <td>0.000000</td>\n      <td>0.000000</td>\n      <td>0.0</td>\n    </tr>\n    <tr>\n      <th>批发和零售业</th>\n      <td>0.610279</td>\n      <td>0.499796</td>\n      <td>0.500868</td>\n      <td>0.606462</td>\n      <td>0.412325</td>\n      <td>0.476213</td>\n      <td>0.557383</td>\n      <td>0.501895</td>\n      <td>0.523344</td>\n      <td>0.465209</td>\n      <td>0.566149</td>\n      <td>0.512719</td>\n      <td>0.494077</td>\n      <td>0.522494</td>\n      <td>0.538504</td>\n      <td>0.000000</td>\n      <td>0.000000</td>\n      <td>0.000000</td>\n      <td>0.0</td>\n    </tr>\n    <tr>\n      <th>综合业</th>\n      <td>0.507798</td>\n      <td>0.554307</td>\n      <td>0.575253</td>\n      <td>0.631344</td>\n      <td>0.516923</td>\n      <td>0.582108</td>\n      <td>0.478212</td>\n      <td>0.558388</td>\n      <td>0.613310</td>\n      <td>0.448381</td>\n      <td>0.497714</td>\n      <td>0.612533</td>\n      <td>0.540641</td>\n      <td>0.576928</td>\n      <td>0.554345</td>\n      <td>0.506982</td>\n      <td>0.000000</td>\n      <td>0.000000</td>\n      <td>0.0</td>\n    </tr>\n    <tr>\n      <th>房地产业</th>\n      <td>0.642196</td>\n      <td>0.586945</td>\n      <td>0.575829</td>\n      <td>0.522024</td>\n      <td>0.635284</td>\n      <td>0.554107</td>\n      <td>0.505725</td>\n      <td>0.626803</td>\n      <td>0.642545</td>\n      <td>0.594042</td>\n      <td>0.376108</td>\n      <td>0.594240</td>\n      <td>0.579812</td>\n      <td>0.561087</td>\n      <td>0.525239</td>\n      <td>0.613824</td>\n      <td>0.547884</td>\n      <td>0.000000</td>\n      <td>0.0</td>\n    </tr>\n    <tr>\n      <th>卫生和社会工作业</th>\n      <td>0.618173</td>\n      <td>0.503132</td>\n      <td>0.533430</td>\n      <td>0.618734</td>\n      <td>0.339268</td>\n      <td>0.472869</td>\n      <td>0.568496</td>\n      <td>0.538939</td>\n      <td>0.541038</td>\n      <td>0.482602</td>\n      <td>0.582497</td>\n      <td>0.541853</td>\n      <td>0.536733</td>\n      <td>0.545410</td>\n      <td>0.568574</td>\n      <td>0.375564</td>\n      <td>0.518077</td>\n      <td>0.635012</td>\n      <td>0.0</td>\n    </tr>\n  </tbody>\n</table>\n</div>"
     },
     "metadata": {},
     "execution_count": 6
    }
   ],
   "source": [
    "distance_m"
   ]
  },
  {
   "cell_type": "code",
   "execution_count": 7,
   "metadata": {},
   "outputs": [],
   "source": [
    "zipped = []\n",
    "for i in range(len(distance_m.columns)):\n",
    "    zipped.append(list(zip([distance_m.columns[i]]*distance_m.shape[0],distance_m.index,distance_m[distance_m.columns[i]])))\n",
    "List_flat = []\n",
    "for i in zipped:\n",
    "    for j in i:\n",
    "        if not np.isnan(j[2]):\n",
    "            List_flat.append(j)\n",
    "s_List_flat = list(set(List_flat))\n",
    "# print(len(s_List_flat))\n",
    "List = []\n",
    "for i in range(len(s_List_flat)):\n",
    "    # print(s_List_flat[i])\n",
    "    if float(s_List_flat[i][2])!=0:\n",
    "        List.append(s_List_flat[i])\n",
    "G = nx.Graph()\n",
    "G.add_weighted_edges_from(List)\n",
    "#     return G\n",
    "\n",
    "def sort_graph_edges_dist(G):\n",
    "    sorted_edges = []\n",
    "    tmp = sorted(G.edges(data=True), key=lambda x: x[2]['weight'], reverse = False)\n",
    "    for source, dest, data in tmp: # in descending order!\n",
    "        sorted_edges.append({'source': source,\n",
    "                            'dest': dest,\n",
    "                            'weight': data['weight']})\n",
    "    return sorted_edges\n",
    "\n",
    "def compute_PMFG(G):\n",
    "    PMFG = nx.Graph() \n",
    "    ne_total = G.number_of_edges()\n",
    "    nb_nodes = len(G.nodes)\n",
    "    ne_pmfg = 3*(nb_nodes-2)\n",
    "    sorted_edges = sort_graph_edges_dist(G)\n",
    "    t0 = time.time()\n",
    "    for i, edge in enumerate(sorted_edges):\n",
    "        PMFG.add_edge(edge['source'], edge['dest'], weight = edge['weight'])\n",
    "        if not planarity.is_planar(PMFG):\n",
    "            PMFG.remove_edge(edge['source'], edge['dest'])\n",
    "        ne = PMFG.number_of_edges()\n",
    "        print(\"Generating PMFG... added edges in PMFG %d/%d (%.2f%%) lookup edges in G %d/%d (%.2f%%) Elapsed TIme %.2f [sec]\"            %(ne, ne_pmfg, (ne/ne_pmfg)*100, i, ne_total, (i+1/ne_total)*100, time.time()-t0), end=\"\\r\")\n",
    "        if ne == ne_pmfg:\n",
    "            break\n",
    "    return PMFG"
   ]
  },
  {
   "cell_type": "code",
   "execution_count": 8,
   "metadata": {},
   "outputs": [
    {
     "output_type": "stream",
     "name": "stdout",
     "text": [
      ""
     ]
    }
   ],
   "source": [
    "pmfg = compute_PMFG(G)"
   ]
  },
  {
   "cell_type": "code",
   "execution_count": 9,
   "metadata": {},
   "outputs": [
    {
     "output_type": "display_data",
     "data": {
      "text/plain": "<Figure size 720x720 with 1 Axes>",
